3.1064e-05
4.7621e-06
6.677e-05
2.992e-05
0.00014966
0.00029377
0.00041228
0.00013437
-0.00016273
-0.00039976
-0.00018695
0.00019223
0.00062594
0.00091358
0.0010122
0.00046057
2.9145e-05
8.1148e-05
0.00015738
-0.00012022
0.00083033
0.0021691
0.0022692
-5.2345e-05
-0.00017584
0.0022166
0.0058777
0.0059985
0.0028619
-0.0013353
-0.0030238
0.00084943
0.0065927
0.010651
0.0095733
0.0057733
0.0031008
-0.00016046
-0.0053931
-0.0062808
-0.0020468
0.00094142
-0.0053014
-0.01501
-0.017363
-0.0010089
0.015334
0.014251
0.0026194
0.0037179
0.010438
0.010426
0.0020031
-0.0081282
-0.016387
-0.0071948
0.0048432
0.0018576
0.0069207
0.032828
0.04711
0.02067
-0.03585
-0.060942
-0.028151
0.0091076
0.0081002
-0.019622
-0.035045
-0.03237
-0.011826
0.0057515
0.0054683
0.0037128
0.016575
0.019661
-0.0101
-0.073174
-0.099708
-0.039236
0.054313
0.077278
0.052037
0.048978
0.055137
0.031812
-0.022737
-0.057546
-0.036011
0.0066481
0.014978
-0.00191
0.0027702
0.023193
0.033091
-0.001556
-0.041228
-0.030867
0.021356
0.049512
0.03785
0.0068266
-0.034871
-0.056776
-0.046489
-0.084895
-0.12494
-0.078395
0.02919
0.065578
0.0077541
-0.048905
-0.0458
-0.0063119
0.003954
0.010586
0.051054
0.084297
0.095058
0.10971
0.077554
-0.025578
-0.09197
-0.051915
0.0011845
0.017929
0.029089
0.010467
-0.021341
-0.034222
-0.049393
-0.078901
-0.076384
-0.032269
0.0051692
-0.01271
-0.043661
-0.025607
0.049264
0.12139
0.12854
0.11403
0.11682
0.094573
0.04804
-0.014622
-0.05244
-0.024802
0.025548
0.046162
0.046064
0.042009
0.030826
0.015168
-0.00074543
-0.0038752
-0.023486
-0.084152
-0.1504
-0.15974
-0.072365
0.025345
0.054211
0.031276
-0.0011617
-0.0063111
-4.1518e-06
-0.039377
-0.10579
-0.086281
0.020322
0.089205
0.081312
0.01049
-0.066072
-0.072625
-0.0039423
0.075473
0.10736
0.088636
0.051392
0.0083863
-0.037136
-0.077732
-0.053859
0.055539
0.16831
0.17198
0.069699
-0.061064
-0.16054
-0.19326
-0.11162
-0.01011
0.019906
0.016862
0.054216
0.084853
0.025167
-0.082877
-0.1159
-0.09032
-0.058749
-0.043363
-0.030805
-0.0021395
0.085716
0.16549
0.15541
0.034008
-0.11716
-0.14574
-0.10735
-0.10307
-0.10431
-0.047262
0.073662
0.08426
-0.006278
-0.067346
-0.064257
-0.026041
0.066547
0.14013
0.11161
0.050392
0.053119
0.092233
0.075086
0.023186
0.021477
0.064023
0.10344
0.10876
0.079781
0.041256
-0.010512
-0.051868
-0.061913
-0.030338
-0.051972
-0.10972
-0.10363
-0.045992
0.013381
0.028943
-0.023379
-0.053731
-0.040635
-0.05183
-0.094171
-0.10812
-0.090729
-0.068777
-0.079366
-0.13096
-0.13668
-0.095019
-0.10884
-0.15293
-0.15612
-0.11448
-0.058166
0.045052
0.1306
0.13984
0.12881
0.18648
0.25773
0.25166
0.18639
0.039977
-0.11857
-0.1527
-0.1324
-0.13609
-0.23004
-0.27935
-0.23807
-0.18898
-0.1453
-0.071079
0.024083
0.12512
0.19269
0.26137
0.3293
0.323
0.28762
0.28144
0.31092
0.39738
0.32934
0.12752
0.008488
-0.038096
-0.14776
-0.22235
-0.18038
-0.11314
0.010651
0.18586
0.32244
0.29488
0.14792
0.028007
-0.016486
-0.055357
-0.060686
-0.058988
-0.0061305
0.16215
0.47625
0.62394
0.57408
0.32008
-0.035014
-0.31915
-0.41121
-0.40105
-0.37356
-0.36016
-0.38975
-0.38072
-0.30376
-0.25818
-0.25986
-0.22411
-0.16417
-0.13937
-0.13807
-0.081265
0.020335
0.10246
0.22724
0.38213
0.50759
0.67953
0.84891
0.91495
0.91108
0.85467
0.72133
0.55418
0.43503
0.28242
0.12286
0.052225
0.017323
0.021175
-0.0031305
-0.11005
-0.23865
-0.29794
-0.31872
-0.35993
-0.45825
-0.5573
-0.60557
-0.61194
-0.60301
-0.60127
-0.61743
-0.65239
-0.70327
-0.74647
-0.7812
-0.79329
-0.86803
-0.98497
-1.0807
-1.1042
-1.0216
-0.90607
-0.81355
-0.73958
-0.5879
-0.39224
-0.22596
-0.064961
0.11772
0.31194
0.43412
0.46138
0.49514
0.58365
0.7575
0.93365
1.0106
0.98298
0.79804
0.49014
0.34481
0.39611
0.72688
0.88153
0.74299
0.5142
0.31291
0.093121
-0.21775
-0.52737
-0.68476
-0.74234
-0.81701
-0.88302
-0.93913
-0.93032
-0.89748
-0.82618
-0.72092
-0.47884
-0.050725
0.44954
0.60763
0.58123
0.56893
0.61071
0.77113
0.96068
1.0083
0.97377
0.89905
0.84657
0.87985
1.1061
1.3435
1.5192
1.5782
1.4369
1.1499
0.85605
0.62486
0.40046
0.08844
-0.20978
-0.43522
-0.62531
-0.70809
-0.71153
-0.69883
-0.69811
-0.77648
-0.89674
-0.98081
-1.0207
-1.0514
-1.106
-1.1139
-1.0374
-0.79527
-0.42115
-0.062242
0.25521
0.46626
0.61734
0.73819
0.79345
0.81936
0.80723
0.76049
0.71872
0.73464
0.7662
0.73334
0.598
0.37498
0.14507
0.015062
-0.028495
-0.017309
0.037903
0.035106
-0.085298
-0.19792
-0.26935
-0.3689
-0.48165
-0.57745
-0.67104
-0.77305
-0.92016
-1.0253
-1.1385
-1.2299
-1.2786
-1.3171
-1.2697
-1.1694
-1.035
-0.86413
-0.6659
-0.47249
-0.28312
-0.11684
-0.021781
0.00098926
-0.064833
-0.19506
-0.22376
-0.18046
-0.099983
0.05117
0.23977
0.47726
0.72579
0.95818
1.0973
1.0917
1.0465
0.97699
0.83658
0.53145
0.17903
-0.03215
-0.05909
0.0040891
0.20146
0.47232
0.84121
1.1149
1.323
1.3766
1.2818
1.1707
1.0409
0.87682
0.69035
0.5162
0.4005
0.3672
0.39409
0.43397
0.43247
0.39513
0.23473
-0.035839
-0.28518
-0.45555
-0.57556
-0.67008
-0.72444
-0.84536
-0.99279
-1.308
-1.8445
-1.9434
-1.8015
-1.6927
-1.5532
-1.4048
-1.2321
-1.0118
-0.78452
-0.5846
-0.36997
-0.16527
-0.047077
-0.051655
-0.14729
-0.18561
-0.12944
0.12324
0.36788
0.46837
0.52901
0.55743
0.53427
0.58303
0.64206
0.62583
0.5917
0.54043
0.49872
0.48686
0.51407
0.49753
0.43913
0.33275
0.21447
0.10501
0.013387
-0.061331
-0.0361
0.025676
0.11321
0.22313
0.57897
0.9649
0.81541
-0.01371
-0.36886
-0.34267
-0.30056
-0.23845
-0.12551
-0.0020336
0.078258
0.10645
0.072859
0.0075761
-0.095459
-0.16701
-0.23008
-0.29413
-0.39291
-0.4607
-0.49291
-0.50658
-0.49382
-0.44454
-0.34767
-0.1348
0.20535
0.36717
0.39819
0.42536
0.43963
0.5224
0.7059
0.84022
0.94892
1.0426
1.0792
1.056
1.0014
0.92576
0.82379
0.64736
0.39355
0.15753
-0.061741
-0.24268
-0.2938
-0.24613
-0.18628
-0.16958
-0.179
-0.17855
-0.13604
-0.046685
-0.03595
-0.066175
-0.12458
-0.2701
-0.52574
-0.78527
-0.92497
-0.98443
-0.99484
-0.96862
-0.91726
-0.84937
-0.77409
-0.7096
-0.66304
-0.62608
-0.59576
-0.56338
-0.53297
-0.53127
-0.57088
-0.52571
-0.39544
-0.26252
-0.11907
0.02474
0.15527
0.24659
0.30217
0.33819
0.36872
0.38565
0.41231
0.43618
0.46411
0.51342
0.56624
0.59563
0.63361
0.60509
0.49337
0.4104
0.37801
0.38414
0.4112
0.41459
0.39482
0.36533
0.34905
0.33011
0.30351
0.25228
0.18489
0.050339
-0.18503
-0.65225
-0.86344
-0.81747
-0.80481
-0.78858
-0.76184
-0.73026
-0.74595
-0.77475
-0.76764
-0.75014
-0.74502
-0.72231
-0.7006
-0.58308
-0.31904
-0.11477
0.016163
0.10631
0.24861
0.49105
0.62513
0.74645
0.89617
1.0043
1.05
1.0649
1.0494
1.0293
1.0161
1.0117
0.99683
0.97735
0.91666
0.82057
0.65003
0.43495
0.24172
0.081779
-0.10095
-0.3335
-0.55482
-0.71245
-0.80128
-0.81068
-0.77744
-0.71693
-0.61391
-0.46808
-0.34702
-0.28591
-0.26718
-0.27645
-0.36097
-0.54113
-0.69275
-0.76004
-0.82685
-0.6867
-0.41996
-0.12879
0.039438
0.15109
0.27741
0.28568
0.24167
0.25279
0.31613
0.41149
0.49975
0.55569
0.57129
0.58131
0.59499
0.63477
0.68885
0.72257
0.73901
0.73155
0.68736
0.63389
0.50603
0.30742
-0.057538
-0.37376
-0.54004
-0.64112
-0.72206
-0.80118
-0.8434
-0.86009
-0.85782
-0.82503
-0.76421
-0.71628
-0.671
-0.62063
-0.55015
-0.41932
-0.20034
0.016563
0.16797
0.26059
0.32111
0.36885
0.39131
0.37772
0.34337
0.30299
0.2581
0.23693
0.24362
0.302
0.37142
0.40454
0.40537
0.37717
0.31899
0.19535
0.08251
-0.008732
-0.059942
-0.073726
-0.092024
-0.11021
-0.10253
-0.081633
-0.044844
0.011907
0.060129
0.08014
0.073327
0.059214
0.044664
0.04547
0.059076
0.069414
0.062031
0.048958
0.034602
0.026536
0.031202
0.061831
0.089278
0.096039
0.074143
0.011507
-0.085631
-0.18221
-0.25608
-0.31457
-0.35164
-0.36284
-0.35109
-0.31971
-0.27927
-0.23778
-0.21684
-0.22024
-0.24447
-0.27376
-0.27743
-0.26249
-0.24462
-0.22981
-0.19688
-0.12144
0.024179
0.1773
0.28442
0.3444
0.37417
0.38786
0.39156
0.37201
0.31427
0.22279
0.12902
0.048649
-0.016989
-0.053903
-0.064399
-0.05618
-0.032436
-0.0052396
0.0055163
0.0080949
0.025425
0.053985
0.083471
0.083126
0.054222
7.8638e-05
-0.068469
-0.12987
-0.15615
-0.13318
-0.085686
-0.025113
0.021346
0.042926
0.052129
0.068963
0.1061
0.14589
0.15575
0.135
0.091653
0.048269
0.011811
-0.01166
-0.02033
-0.023026
-0.023335
-0.019549
-0.0020429
0.050866
0.11889
0.1607
0.17565
0.18121
0.18314
0.21086
0.25609
0.29648
0.33211
0.35306
0.35035
0.33907
0.31918
0.28659
0.26387
0.25073
0.23087
0.18748
0.12244
0.043799
-0.072802
-0.21586
-0.34259
-0.42827
-0.48473
-0.52018
-0.54689
-0.57013
-0.5788
-0.57831
-0.57593
-0.57216
-0.58708
-0.61334
-0.63359
-0.63622
-0.60971
-0.56421
-0.51229
-0.44039
-0.34472
-0.24289
-0.14991
-0.044832
0.099145
0.2143
0.22784
0.1916
0.13477
0.091033
0.073697
0.080243
0.11553
0.18368
0.26536
0.33646
0.39451
0.43504
0.45595
0.45537
0.44694
0.44383
0.44741
0.45602
0.4515
0.42357
0.38686
0.34783
0.31843
0.29767
0.27523
0.23946
0.15816
0.032178
-0.05087
-0.075436
-0.084473
-0.10712
-0.14821
-0.20222
-0.25867
-0.30499
-0.34497
-0.36132
-0.35736
-0.33532
-0.29947
-0.24325
-0.19013
-0.15121
-0.10711
-0.013057
0.085723
0.1753
0.25877
0.30557
0.29749
0.28432
0.27966
0.29318
0.31662
0.33655
0.35323
0.36977
0.37066
0.34547
0.28808
0.2034
0.089395
-0.022896
-0.11017
-0.19476
-0.26814
-0.30914
-0.34167
-0.36728
-0.38285
-0.39366
-0.4035
-0.4071
-0.39522
-0.36826
-0.32466
-0.25803
-0.19339
-0.14694
-0.12088
-0.12227
-0.13335
-0.12877
-0.097217
-0.023939
0.059937
0.13424
0.19224
0.19993
0.18147
0.15248
0.11745
0.087744
0.068302
0.053382
0.029363
-0.0023103
-0.052983
-0.10784
-0.14835
-0.17699
-0.1989
-0.20587
-0.20104
-0.18155
-0.14572
-0.1036
-0.071562
-0.054371
-0.044976
-0.040043
-0.030027
-0.0039877
0.044671
0.102
0.15194
0.20112
0.23386
0.25205
0.26342
0.26662
0.26944
0.27262
0.27191
0.27812
0.2754
0.26634
0.24825
0.21562
0.16344
0.10748
0.068734
0.05091
0.045912
0.049412
0.041731
0.012884
-0.02563
-0.051837
-0.073427
-0.093735
-0.10928
-0.12522
-0.14101
-0.14353
-0.14181
-0.13906
-0.13529
-0.1302
-0.1262
-0.1177
-0.094796
-0.03739
0.029925
0.079362
0.091953
0.082824
0.079642
0.094854
0.11958
0.13305
0.13556
0.13005
0.11956
0.10509
0.092446
0.078071
0.060708
0.035
0.0064662
-0.025132
-0.043112
-0.04221
-0.04266
-0.052682
-0.07257
-0.09222
-0.10536
-0.1111
-0.1122
-0.11706
-0.12063
-0.12408
-0.13176
-0.1369
-0.14019
-0.13877
-0.14271
-0.14962
-0.16628
-0.18928
-0.21669
-0.23343
-0.24663
-0.24982
-0.24228
-0.2263
-0.20218
-0.16243
-0.10461
-0.051939
-0.035688
-0.045346
-0.056804
-0.061449
-0.0553
-0.046172
-0.032777
-0.0084163
0.020207
0.057124
0.10618
0.16189
0.21116
0.24955
0.27751
0.30043
0.32658
0.36051
0.40455
0.43857
0.45619
0.45346
0.43122
0.39294
0.3291
0.211
0.053212
-0.076692
-0.14461
-0.17083
-0.16906
-0.1497
-0.1216
-0.096104
-0.078096
-0.058842
-0.040153
-0.029319
-0.026822
-0.036358
-0.051253
-0.069472
-0.086489
-0.081087
-0.046514
0.01471
0.072089
0.12019
0.1376
0.11682
0.067446
-0.002507
-0.067015
-0.10296
-0.1092
-0.10431
-0.095609
-0.085024
-0.087121
-0.10515
-0.13634
-0.1645
-0.18259
-0.18342
-0.16563
-0.13212
-0.088405
-0.046259
-0.01275
0.0043304
0.01209
0.0052806
-0.024974
-0.065546
-0.095529
-0.096958
-0.07594
-0.02172
0.038524
0.092902
0.14397
0.17856
0.1846
0.17821
0.16256
0.13838
0.12433
0.12132
0.11245
0.086362
0.030637
-0.03052
-0.088385
-0.12344
-0.11926
-0.099471
-0.084582
-0.074289
-0.06268
-0.055569
-0.061295
-0.084537
-0.11507
-0.13469
-0.1477
-0.14741
-0.11862
-0.052456
0.020286
0.04353
0.038113
0.039934
0.051977
0.063756
0.063588
0.051996
0.042189
0.052398
0.066936
0.068915
0.058834
0.036491
-0.0019245
-0.029731
-0.03339
-0.015584
0.016611
0.060114
0.086463
0.099213
0.10764
0.1096
0.10924
0.11025
0.11059
0.11013
0.10506
0.097248
0.088273
0.075019
0.065505
0.063831
0.065112
0.060063
0.048574
0.026566
0.00068199
-0.022401
-0.032422
-0.035119
-0.037279
-0.050381
-0.077065
-0.11705
-0.15642
-0.19002
-0.21294
-0.21522
-0.2062
-0.19998
-0.19102
-0.18155
-0.17435
-0.16908
-0.16122
-0.14616
-0.12275
-0.085172
-0.04202
-0.0042164
0.025687
0.039582
0.046144
0.044309
0.045113
0.048261
0.050743
0.054969
0.060228
0.067334
0.083231
0.10326
0.12262
0.13711
0.14567
0.1342
0.1102
0.065061
0.022294
0.0093371
0.021686
0.050773
0.082311
0.10108
0.10387
0.084793
0.036704
-0.018981
-0.056457
-0.064763
-0.059088
-0.05014
-0.040979
-0.029892
-0.018647
-0.014107
-0.012456
-0.0088072
-0.0060244
0.011073
0.039475
0.070137
0.080449
0.080587
0.081634
0.084566
0.088091
0.087676
0.081746
0.073225
0.068258
0.069497
0.075729
0.082977
0.086605
0.089116
0.086323
0.071647
0.051522
0.026558
0.0044099
-0.0042632
-0.0061945
-0.0076504
-0.004176
-0.0070165
-0.019345
-0.026622
-0.02904
-0.037085
-0.043318
-0.044194
-0.039575
-0.037503
-0.039062
-0.046464
-0.066273
-0.092368
-0.107
-0.11079
-0.10929
-0.10623
-0.10765
-0.10937
-0.10747
-0.10992
-0.11743
-0.12755
-0.1363
-0.14258
-0.14538
-0.14069
-0.12368
-0.097686
-0.060236
-0.023895
-0.004695
-0.0012657
0.0015048
0.0063364
0.013545
0.020011
0.028934
0.034532
0.044734
0.05618
0.061339
0.062145
0.055794
0.045573
0.0418
0.039641
0.038071
0.028066
0.011488
-0.020842
-0.061765
-0.089747
-0.10052
-0.10195
-0.094914
-0.076207
-0.023466
0.043987
0.10115
0.1407
0.14918
0.14992
0.15091
0.14714
0.13542
0.11907
0.1063
0.09936
0.096503
0.090334
0.079716
0.060913
0.037304
0.010647
-0.013275
-0.032327
-0.045911
-0.050688
-0.04371
-0.026304
-0.0078023
0.01531
0.027689
0.021513
0.0057577
-0.020822
-0.041201
-0.043472
-0.039165
-0.022335
-0.0030772
0.0067674
0.0054656
-0.0030983
-0.010007
-0.01262
-0.020606
-0.043114
-0.079328
-0.12618
-0.1613
-0.18181
-0.19206
-0.19358
-0.19337
-0.18852
-0.17621
-0.1618
-0.14653
-0.12119
-0.087043
-0.050213
-0.012777
0.021074
0.052869
0.076147
0.10596
0.13831
0.16699
0.18024
0.18359
0.17947
0.16458
0.14796
0.13728
0.13039
0.11932
0.093878
0.04578
-0.0026768
-0.047501
-0.072967
-0.092042
-0.11089
-0.13293
-0.14911
-0.15505
-0.15533
-0.13745
-0.10126
-0.048645
0.0095276
0.060866
0.087024
0.092905
0.093141
0.093886
0.10649
0.11613
0.12013
0.12253
0.13493
0.14799
0.16041
0.15498
0.13139
0.076516
0.01732
-0.039033
-0.067894
-0.070275
-0.067301
-0.060499
-0.048703
-0.030138
-0.0058577
0.027146
0.068382
0.082909
0.0709
0.054208
0.042837
0.039945
0.043672
0.053825
0.058654
0.055886
0.046196
0.030853
-0.00028368
-0.047489
-0.088335
-0.10361
-0.098579
-0.07509
-0.035225
0.0072491
0.038518
0.052927
0.057772
0.048357
0.034435
0.02807
0.046879
0.078673
0.099584
0.10931
0.10513
0.093838
0.081295
0.06019
0.031767
-0.0098854
-0.060207
-0.095859
-0.12219
-0.1333
-0.13716
-0.13685
-0.13468
-0.12735
-0.11183
-0.096774
-0.085603
-0.083448
-0.083094
-0.080783
-0.060121
-0.026007
0.016878
0.059232
0.095811
0.12269
0.13417
0.14671
0.14895
0.13946
0.11799
0.090292
0.039619
-0.01042
-0.0526
-0.081934
-0.10921
-0.13811
-0.15928
-0.17056
-0.16781
-0.15769
-0.14652
-0.13638
-0.12281
-0.10993
-0.090729
-0.05985
-0.019019
0.017451
0.048187
0.064543
0.076316
0.088668
0.10427
0.1146
0.11951
0.11417
0.094388
0.065983
0.036852
0.016477
0.0054803
-0.0014074
-0.0043834
-0.011172
-0.025376
-0.045467
-0.06508
-0.069259
-0.054706
-0.030259
-0.0068064
0.0024701
-0.0029869
-0.021434
-0.039268
-0.046714
-0.045241
-0.034066
-0.023413
-0.0062692
0.0078278
0.014925
0.0095786
-0.012137
-0.044293
-0.061364
-0.059941
-0.046006
-0.02415
-0.0097744
-0.0053011
-0.011213
-0.022971
-0.043921
-0.0639
-0.075303
-0.080277
-0.083565
-0.083667
-0.08111
-0.074131
-0.057644
-0.034932
-0.011476
0.0040216
0.016404
0.033432
0.060731
0.092742
0.11938
0.13078
0.13687
0.13298
0.12484
0.12124
0.11304
0.091793
0.054482
0.014106
-0.013416
-0.02739
-0.031716
-0.0343
-0.039283
-0.049768
-0.05523
-0.05787
-0.057559
-0.047769
-0.026722
-0.0021684
0.02266
0.048253
0.067019
0.072801
0.067114
0.051055
0.036235
0.025404
0.023263
0.033547
0.046944
0.049866
0.047541
0.038691
0.030282
0.029407
0.035657
0.044473
0.055174
0.056217
0.044517
0.031902
0.017547
0.0040988
-0.0065589
-0.013589
-0.0211
-0.028673
-0.032884
-0.032566
-0.033124
-0.034705
-0.040996
-0.051854
-0.057557
-0.055071
-0.048334
-0.03709
-0.028173
-0.021336
-0.010955
0.0014123
0.0070102
0.00078343
-0.011228
-0.02296
-0.027302
-0.03235
-0.038186
-0.046144
-0.058775
-0.062677
-0.056111
-0.046172
-0.035175
-0.027561
-0.020411
-0.015526
-0.0090133
-0.001329
0.014226
0.037803
0.067785
0.083152
0.085535
0.086565
0.091582
0.092102
0.085478
0.069807
0.047584
0.025173
0.0093239
-0.0016555
-0.015404
-0.034828
-0.057276
-0.071559
-0.072234
-0.067294
-0.058566
-0.049025
-0.043313
-0.040161
-0.035175
-0.028456
-0.014836
0.0060739
0.029032
0.045487
0.062812
0.084837
0.10373
0.10931
0.1074
0.10156
0.095429
0.089347
0.081273
0.072484
0.061471
0.048862
0.03593
0.027883
0.021497
0.016473
0.0026408
-0.014006
-0.036799
-0.071189
-0.10801
-0.11775
-0.11353
-0.095618
-0.057265
-0.023242
-0.0042373
0.0040111
0.0072388
0.0084682
0.011217
0.019097
0.024619
0.030541
0.038468
0.045249
0.047568
0.049749
0.042838
0.029216
0.012881
0.00019141
-0.010132
-0.019722
-0.025848
-0.035082
-0.041358
-0.048514
-0.058395
-0.069175
-0.073468
-0.076513
-0.07814
-0.080297
-0.082566
-0.080532
-0.067719
-0.059737
-0.045941
-0.034863
-0.022905
-0.0011828
0.022599
0.032813
0.0382
0.03925
0.0351
0.030998
0.034097
0.04084
0.052011
0.063067
0.067265
0.069442
0.074491
0.077589
0.078089
0.072883
0.063458
0.049258
0.029476
0.0036363
-0.020272
-0.040992
-0.057521
-0.067322
-0.070584
-0.070056
-0.066842
-0.063955
-0.064879
-0.062793
-0.060377
-0.056736
-0.0502
-0.044647
-0.036253
-0.023812
-0.0018706
0.019374
0.037642
0.052317
0.060797
0.054649
0.033477
0.0058684
-0.026502
-0.047199
-0.052738
-0.052009
-0.043323
-0.018331
0.019909
0.038085
0.034584
0.033094
0.026912
0.021085
0.015413
0.0029718
-0.016422
-0.033179
-0.042603
-0.047149
-0.045905
-0.04163
-0.037214
-0.030636
-0.026827
-0.027708
-0.034514
-0.039375
-0.044336
-0.044514
-0.038409
-0.026096
-0.010573
0.021331
0.056716
0.081135
0.089915
0.093231
0.092213
0.090712
0.082483
0.06539
0.040708
0.010367
-0.024182
-0.056934
-0.073162
-0.077333
-0.079355
-0.079816
-0.081144
-0.079998
-0.077316
-0.066873
-0.050212
-0.031056
-0.015105
0.0026452
0.02586
0.046996
0.065835
0.079014
0.083043
0.081118
0.07115
0.061342
0.060174
0.065661
0.068241
0.068261
0.066501
0.057488
0.047545
0.034242
0.016261
-0.0025173
-0.015741
-0.018348
-0.010986
-0.0024016
0.0045015
0.0060477
-0.00072155
-0.015799
-0.027851
-0.039885
-0.050051
-0.058069
-0.065887
-0.07079
-0.069431
-0.067775
-0.061192
-0.048279
-0.038152
-0.026523
-0.012036
0.016178
0.045505
0.070946
0.098179
0.11611
0.1308
0.13866
0.13388
0.11897
0.09733
0.073704
0.045151
0.014693
-0.018645
-0.047517
-0.074839
-0.091646
-0.096326
-0.096378
-0.094556
-0.087895
-0.080603
-0.072776
-0.060949
-0.043434
-0.025226
-0.0091255
0.0050493
0.018626
0.025462
0.035004
0.040541
0.047015
0.047702
0.04837
0.044679
0.042176
0.036852
0.030884
0.020339
0.0058717
-0.0065587
-0.015794
-0.02361
-0.033858
-0.038738
-0.040266
-0.034379
-0.023818
-0.01622
-0.0072304
-0.0010923
0.00029284
0.0011663
-0.0031942
-0.0077842
-0.0091006
-0.0052358
0.0030613
0.015831
0.030736
0.047381
0.052326
0.050647
0.050075
0.049506
0.053662
0.064735
0.070763
0.068749
0.054778
0.040146
0.022021
0.0068579
-0.0065999
-0.015665
-0.0212
-0.024671
-0.028195
-0.034967
-0.043607
-0.047584
-0.050895
-0.048292
-0.043172
-0.038449
-0.03542
-0.030494
-0.019831
-0.0049404
0.016575
0.040178
0.056896
0.068143
0.074793
0.084931
0.094043
0.09769
0.092862
0.077946
0.059273
0.040449
0.021301
-0.0029543
-0.025384
-0.050901
-0.074091
-0.090252
-0.10244
-0.10771
-0.11543
-0.12099
-0.12576
-0.12281
-0.11853
-0.11104
-0.10003
-0.087913
-0.07636
-0.067415
-0.062662
-0.05937
-0.057162
-0.054832
-0.04889
-0.040581
-0.024017
-0.0047668
0.010605
0.024348
0.032938
0.039349
0.047449
0.054366
0.056951
0.056142
0.05301
0.047905
0.046679
0.042172
0.032253
0.021424
0.0061117
-0.010002
-0.022021
-0.029712
-0.032006
-0.02395
-0.014002
-0.0071603
-0.00066058
-0.0016304
-0.0063211
-0.0087683
-0.0052238
-0.00010774
0.011124
0.022396
0.031715
0.036543
0.034282
0.033505
0.022346
0.0066271
-0.00026143
0.0036532
0.015918
0.027521
0.032116
0.036724
0.041981
0.044903
0.044983
0.039673
0.029451
0.011588
-0.005894
-0.015239
-0.019822
-0.023981
-0.024309
-0.027958
-0.028309
-0.024299
-0.018376
-0.01007
0.0022228
0.0065083
0.0062812
0.0038198
0.0050017
0.0062386
0.0052514
0.0058368
0.0069927
0.0048291
0.0028793
0.0066975
0.0077534
0.0068321
0.0064965
0.010581
0.017967
0.024698
0.030876
0.034276
0.025518
0.01206
-0.014382
-0.041302
-0.043667
-0.041796
-0.037286
-0.033205
-0.027513
-0.027037
-0.026271
-0.028146
-0.031911
-0.036465
-0.03411
-0.028402
-0.02134
-0.01079
0.0020477
0.01362
0.026921
0.03759
0.043969
0.050055
0.051924
0.050292
0.049323
0.044787
0.041727
0.039079
0.034107
0.031314
0.026437
0.017779
0.0057357
-0.0043635
-0.011519
-0.017255
-0.020264
-0.024438
-0.026278
-0.02744
-0.028027
-0.030052
-0.033159
-0.030651
-0.023082
-0.01378
-0.00031166
0.014078
0.027548
0.033075
0.040095
0.039121
0.03378
0.032347
0.028406
0.022227
0.018288
0.016241
0.016418
0.019461
0.01571
0.0097998
0.0091542
0.0045317
-0.0037341
-0.014394
-0.025127
-0.033586
-0.040665
-0.044496
-0.042272
-0.036673
-0.025717
-0.0049709
0.015447
0.032863
0.045562
0.050428
0.051093
0.039822
0.029815
0.029945
0.024771
0.012138
0.00045269
-0.012416
-0.021225
-0.031897
-0.039509
-0.045295
-0.051913
-0.053966
-0.053608
-0.049976
-0.040425
-0.028681
-0.016783
-0.0092667
-0.0051541
-0.0054508
-0.0052796
-0.0031157
0.00099376
0.0073402
0.011862
0.019255
0.023513
0.028542
0.030477
0.031362
0.028046
0.022607
0.019095
0.015565
0.013778
0.015854
0.013978
0.0096638
0.0039149
-0.0014073
-0.0063019
-0.008356
-0.0089788
-0.011862
-0.012208
-0.011906
-0.0084305
-0.0035688
0.0040247
0.011466
0.020093
0.028737
0.032718
0.033241
0.028995
0.02434
0.020519
0.018181
0.017263
0.016037
0.0084527
-0.0012616
-0.01059
-0.017385
-0.019369
-0.020118
-0.020816
-0.022512
-0.022471
-0.020968
-0.018855
-0.017901
-0.016267
-0.014822
-0.013647
-0.010491
-0.0056708
-0.0027022
-0.0020311
-0.0031282
-0.0037327
-0.0036803
-0.0034379
-0.0040109
-0.0042931
-0.0058043
-0.0090051
-0.011429
-0.014199
-0.016477
-0.017541
-0.016398
-0.014599
-0.012421
-0.0108
-0.0096064
-0.0093896
-0.010892
-0.012363
-0.013284
-0.013455
-0.012203
-0.0093902
-0.0065105
-0.0038446
-0.00090443
0.0010358
0.0026083
0.0041863
0.0051837
0.005921
0.0061323
0.0062902
0.0060799
0.0051989
0.0042742
0.0032464
0.0028001
0.0027535
0.0030183
0.0035841
0.0035479
0.002731
0.0013733
0.0005149
0.00073925
0.0011607
0.0017945
0.0025905
0.0029284
0.0029497
0.0028291
0.0025976
0.0020684
0.0019092
0.0021536
0.0025624
0.0030102
0.0034556
0.0035879
0.00337
0.0030932
0.0028292
0.0025521
0.0023227
0.0021897
0.0020844
0.0019904
0.0019575
0.0018225
0.0016888
0.0015825
0.0014797
0.0013568
0.001273
0.0012253
0.001215
0.0012256
0.0012431
0.001228
0.0011992
0.0011553
0.0010998
0.0010643
0.001038
0.0010257
0.0010111
0.00099473
0.00097153
0.00094066
0.00089443
0.00084279
0.0007858
0.00072345
0.00065858
0.00059332
0.00052694
0.00046256
0.00039768
0.00033425
0.00027252
0.00021343
0.00015581
0.00010024
4.6169e-05
-6.1273e-06
-5.6603e-05
-0.00010494
-0.00015116
-0.00019518
-0.00023706
-0.00027677
-0.00031434
