6.630754207917090026e-01 1.774133273002760636e-01
6.801634544985175612e-01 2.330502424054302080e-01
6.998205287576382272e-01 3.294860458634660816e-01
7.117476974225025455e-01 3.759211205996610961e-01
7.222690519118228902e-01 1.340062498837122085e-01
7.426919567550909207e-01 1.406845152997222848e-01
7.584281087235379415e-01 2.261534040068257367e-01
7.668780922701928793e-01 2.147856659928177592e-01
7.791126051007383202e-01 2.647842279133529875e-01
7.971114078270281622e-01 2.476729112759227525e-01
8.011489726651304100e-01 2.428977785838028203e-01
8.173445098191370883e-01 3.507099411843878078e-01
8.322244569403142167e-01 1.119965459693193360e-01
8.434437955544127341e-01 3.709920638184115993e-01
8.642415665265008595e-01 2.606054912690187186e-01
8.744208588852320219e-01 2.179764559579225880e-01
8.895053927722961218e-01 1.900795442966372595e-01
9.122421942008632767e-01 2.087753390477479765e-01
9.172310365087577022e-01 1.980748056221740827e-01
9.318772777778182581e-01 2.234172086427422543e-01
9.485991742408623750e-01 2.772393212011928232e-01
9.567936294580774437e-01 2.794138840314002170e-01
9.829890407606662883e-01 2.617318415445877289e-01
9.864335027684225654e-01 1.681952055620102859e-01
1.010072262465498083e+00 2.817629048261960367e-01
1.015247619432461557e+00 3.129519098737634231e-01
1.027881236432730550e+00 2.953370944499168482e-01
1.053345352886241759e+00 3.016638183566665021e-01
1.060405921463894563e+00 2.915468241072261546e-01
1.072420612941087370e+00 2.281212845717977278e-01
1.091088855663481461e+00 3.633213032230833139e-01
1.098233598860063331e+00 3.278663063213738682e-01
1.120607334298014290e+00 1.840937892453616831e-01
1.136502538610315360e+00 2.518326503897355129e-01
1.140490143492823183e+00 2.586495320854658719e-01
1.154649013509574829e+00 1.886577669273141467e-01
1.167685955381520424e+00 2.834271577562941236e-01
1.182808589199613181e+00 1.607400353136956839e-01
1.197056746442874964e+00 3.468112552981593710e-01
1.211659349611347913e+00 3.820946166731779003e-01
1.228863108890249967e+00 1.472116489599357980e-01
1.251220880609569264e+00 4.514144065465625633e-01
1.253045847914082245e+00 2.397739850934227923e-01
1.268082523466252276e+00 2.021334390954342419e-01
1.281052511544759298e+00 2.487915059437937892e-01
1.296556969144069038e+00 2.270709227685541731e-01
1.311958016638254954e+00 3.084548112141806686e-01
1.335802265171044168e+00 2.990142041541595797e-01
1.346001649951163337e+00 1.525682111676000818e-01
1.352450178839827544e+00 2.414874123390102767e-01
1.367483439711853155e+00 2.312144795710284473e-01
1.390063463287835477e+00 2.359905717930682323e-01
1.402624542030535659e+00 1.656310297079948424e-01
1.412743598015208102e+00 3.108373941816196528e-01
1.429745374771655975e+00 2.384487913969409179e-01
1.440251530735458196e+00 2.160827123159425600e-01
1.452883849184563481e+00 3.049198952146790487e-01
1.476723033599944834e+00 2.336451845947519756e-01
1.490812890547573488e+00 3.357894328082896562e-01
1.498439123251404048e+00 2.659947450425578230e-01
1.511773725488909204e+00 1.721114865845672637e-01
1.520651641590634373e+00 2.462489014319095837e-01
1.541863905667213430e+00 2.542867251159647290e-01
1.559113738223214085e+00 2.576466750152809904e-01
1.572033037074316741e+00 1.985103557211945757e-01
1.585572808591725114e+00 3.450612118133771777e-01
1.595628812555109688e+00 2.122731733654007469e-01
1.613042276168143774e+00 3.979472799507977610e-01
1.630629569871239415e+00 3.225029418548592264e-01
1.633989827782158955e+00 2.865169343820960224e-01
1.651812439611923589e+00 3.601855191317649973e-01
1.665406955125761979e+00 2.203294008309126251e-01
1.684287305272686552e+00 1.931321919078104743e-01
1.696757716498078050e+00 3.382831644523797143e-01
1.712140703465064195e+00 2.031981703726857824e-01
1.730275606608562722e+00 2.693967939956196100e-01
1.737326604559968235e+00 2.928134680650941735e-01
1.759542412865573446e+00 1.856335382944327983e-01
1.761284633665400445e+00 4.173515839127406868e-01
1.775819652819437433e+00 2.746410963821598328e-01
1.793445656717210568e+00 2.698412485378632319e-01
1.806395924032633271e+00 2.213131159807504578e-01
1.821050736452875185e+00 1.946322221133570118e-01
1.832783487682597023e+00 1.568394776581133465e-01
1.856118795254565690e+00 2.896212767824867806e-01
1.863122903914462114e+00 2.050946343340515066e-01
1.879118444470061267e+00 3.168550115115273402e-01
1.888697313492984531e+00 5.084497559078376971e-01
1.911187098798419637e+00 1.745771355695876770e-01
1.917714122165582680e+00 4.079634199495623115e-01
1.934236497582830783e+00 4.375605190898957941e-01
1.953605037574691394e+00 2.103565557490272298e-01
1.964602064743568022e+00 4.800324777865700443e-01
1.973331389863354435e+00 2.522087685629120779e-01
1.987070038911220138e+00 1.548701182227286977e-01
2.009465153492694167e+00 1.802705758545727621e-01
2.020139952973067476e+00 2.721518986400998097e-01
2.030251820592549716e+00 1.808533730266603801e-01
2.046171698226981306e+00 2.077764896969863384e-01
2.063011152572157059e+00 3.190179112272795159e-01
