-6.7715e-04
-6.7010e-04
-6.6289e-04
-6.5560e-04
-6.4832e-04
-6.4104e-04
-6.3360e-04
-6.2610e-04
-6.1884e-04
-6.1198e-04
-6.0534e-04
-5.9827e-04
-5.9037e-04
-5.8174e-04
-5.7277e-04
-5.6438e-04
-5.5822e-04
-5.5529e-04
-5.5483e-04
-5.5475e-04
-5.5251e-04
-5.4668e-04
-5.3793e-04
-5.2864e-04
-5.1944e-04
-5.0816e-04
-4.9473e-04
-4.8153e-04
-4.6947e-04
-4.5875e-04
-4.5061e-04
-4.4645e-04
-4.4562e-04
-4.4288e-04
-4.3124e-04
-4.0880e-04
-3.7855e-04
-3.4653e-04
-3.2185e-04
-3.1264e-04
-3.1787e-04
-3.3096e-04
-3.4986e-04
-3.7300e-04
-3.9489e-04
-4.1027e-04
-4.1722e-04
-4.1727e-04
-4.1288e-04
-4.0356e-04
-3.8749e-04
-3.6470e-04
-3.3981e-04
-3.2108e-04
-3.1478e-04
-3.1920e-04
-3.2102e-04
-3.0242e-04
-2.5272e-04
-1.7887e-04
-1.0065e-04
-3.2067e-05
2.1475e-05
6.2229e-05
1.0108e-04
1.5265e-04
2.2398e-04
3.0945e-04
3.9314e-04
4.5841e-04
4.9906e-04
5.2097e-04
5.3721e-04
5.5738e-04
5.7913e-04
5.8572e-04
5.6699e-04
5.3290e-04
4.9191e-04
4.4424e-04
3.9720e-04
3.5932e-04
3.2616e-04
2.8933e-04
2.4196e-04
1.6471e-04
2.4387e-05
-2.0718e-04
-5.1530e-04
-8.2044e-04
-1.0360e-03
-1.1219e-03
-1.0819e-03
-9.5573e-04
-8.0368e-04
-6.7103e-04
-5.5781e-04
-4.6005e-04
-3.9549e-04
-3.7468e-04
-3.8544e-04
-3.9883e-04
-3.9798e-04
-3.9535e-04
-3.9114e-04
-3.6424e-04
-3.1969e-04
-2.7602e-04
-2.2252e-04
-1.5397e-04
-9.0478e-05
-1.4328e-05
1.2353e-04
3.0639e-04
4.4475e-04
4.3703e-04
2.3707e-04
-1.1557e-04
-5.4960e-04
-9.7604e-04
-1.2723e-03
-1.3847e-03
-1.4207e-03
-1.4806e-03
-1.5444e-03
-1.5769e-03
-1.5710e-03
-1.5164e-03
-1.4117e-03
-1.2807e-03
-1.1692e-03
-1.1221e-03
-1.1448e-03
-1.1926e-03
-1.2016e-03
-1.1745e-03
-1.2096e-03
-1.3787e-03
-1.6646e-03
-1.9883e-03
-2.2170e-03
-2.1976e-03
-1.8583e-03
-1.2643e-03
-5.6575e-04
8.6439e-05
6.4013e-04
1.0874e-03
1.3993e-03
1.5749e-03
1.6708e-03
1.7756e-03
1.9725e-03
2.2905e-03
2.6956e-03
3.1102e-03
3.4550e-03
3.6731e-03
3.7355e-03
3.6613e-03
3.5133e-03
3.3270e-03
3.0842e-03
2.7778e-03
2.4237e-03
2.0292e-03
1.6308e-03
1.2998e-03
1.0397e-03
7.5603e-04
3.4316e-04
-2.4353e-04
-9.4039e-04
-1.6039e-03
-2.0797e-03
-2.2732e-03
-2.1728e-03
-1.8198e-03
-1.3000e-03
-7.1946e-04
-1.7459e-04
2.8677e-04
7.0204e-04
1.1301e-03
1.5453e-03
1.9111e-03
2.2465e-03
2.5317e-03
2.6850e-03
2.6486e-03
2.4012e-03
1.9329e-03
1.2794e-03
5.3650e-04
-1.8051e-04
-7.9104e-04
-1.3136e-03
-1.8591e-03
-2.5446e-03
-3.3249e-03
-4.0003e-03
-4.4823e-03
-4.8231e-03
-5.0630e-03
-5.1905e-03
-5.1619e-03
-4.9857e-03
-4.7243e-03
-4.3985e-03
-4.0613e-03
-3.8815e-03
-3.9698e-03
-4.2539e-03
-4.5809e-03
-4.7761e-03
-4.6619e-03
-4.1441e-03
-3.3007e-03
-2.3650e-03
-1.6313e-03
-1.3042e-03
-1.4174e-03
-1.8301e-03
-2.3277e-03
-2.7658e-03
-3.1673e-03
-3.5985e-03
-3.9742e-03
-4.2016e-03
-4.2994e-03
-4.2704e-03
-4.0813e-03
-3.7247e-03
-3.1755e-03
-2.3829e-03
-1.4046e-03
-3.8733e-04
6.1285e-04
1.6287e-03
2.7045e-03
3.8097e-03
4.8360e-03
5.6890e-03
6.3114e-03
6.6496e-03
6.5805e-03
5.9982e-03
5.0338e-03
3.9878e-03
3.1028e-03
2.4485e-03
1.9896e-03
1.7985e-03
1.9783e-03
2.5173e-03
3.4026e-03
4.6454e-03
6.1279e-03
7.6069e-03
8.8575e-03
9.7402e-03
1.0189e-02
1.0125e-02
9.5413e-03
8.6198e-03
7.6250e-03
6.7590e-03
6.1230e-03
5.7634e-03
5.7374e-03
6.0777e-03
6.7490e-03
7.6541e-03
8.6396e-03
9.5236e-03
1.0092e-02
1.0139e-02
9.5781e-03
8.4594e-03
6.8906e-03
5.0484e-03
3.1550e-03
1.3798e-03
-2.2922e-04
-1.7522e-03
-3.2215e-03
-4.4800e-03
-5.3393e-03
-5.7392e-03
-5.7709e-03
-5.5323e-03
-4.9859e-03
-4.1572e-03
-3.2362e-03
-2.4307e-03
-1.8747e-03
-1.5804e-03
-1.4733e-03
-1.4202e-03
-1.2295e-03
-7.6905e-04
-1.0620e-04
6.0395e-04
1.2444e-03
1.7407e-03
2.0466e-03
2.1347e-03
2.0154e-03
1.7021e-03
1.1068e-03
1.0093e-04
-1.3058e-03
-2.8905e-03
-4.3166e-03
-5.4129e-03
-6.2132e-03
-6.7638e-03
-7.0674e-03
-7.0881e-03
-6.8020e-03
-6.2221e-03
-5.3607e-03
-4.2324e-03
-2.8704e-03
-1.3755e-03
9.6191e-05
1.4463e-03
2.7486e-03
4.2305e-03
6.0028e-03
7.9145e-03
9.6331e-03
1.0910e-02
1.1721e-02
1.2032e-02
1.1786e-02
1.1064e-02
1.0064e-02
8.9854e-03
7.9449e-03
7.0190e-03
6.3328e-03
5.9929e-03
6.0165e-03
6.3552e-03
6.9081e-03
7.5304e-03
8.0034e-03
8.0903e-03
7.7043e-03
6.9024e-03
5.7528e-03
4.3212e-03
2.6778e-03
8.9284e-04
-9.1682e-04
-2.5635e-03
-3.8469e-03
-4.6320e-03
-4.8852e-03
-4.6417e-03
-3.9273e-03
-2.7863e-03
-1.3197e-03
3.2023e-04
1.9665e-03
3.4733e-03
4.5891e-03
5.0136e-03
4.7030e-03
3.8692e-03
2.7570e-03
1.5137e-03
2.0024e-04
-1.0704e-03
-2.1297e-03
-2.8611e-03
-3.2862e-03
-3.5096e-03
-3.5243e-03
-3.2763e-03
-2.7987e-03
-2.2017e-03
-1.6202e-03
-1.1511e-03
-8.4092e-04
-6.7969e-04
-5.8451e-04
-4.3020e-04
-1.3092e-04
3.4482e-04
1.0008e-03
1.8606e-03
2.9641e-03
4.3104e-03
5.8002e-03
7.2286e-03
8.3530e-03
8.9984e-03
9.1563e-03
8.9356e-03
8.4542e-03
7.7963e-03
6.9978e-03
6.0377e-03
4.8948e-03
3.5870e-03
2.1591e-03
7.3476e-04
-4.2308e-04
-1.0585e-03
-1.0842e-03
-5.7980e-04
2.7015e-04
1.3063e-03
2.4616e-03
3.7532e-03
5.1537e-03
6.5516e-03
7.8348e-03
8.9472e-03
9.8751e-03
1.0531e-02
1.0788e-02
1.0631e-02
1.0165e-02
9.5516e-03
8.8964e-03
8.2329e-03
7.5583e-03
6.8605e-03
6.1323e-03
5.3761e-03
4.5705e-03
3.6353e-03
2.5593e-03
1.4806e-03
5.3883e-04
-2.1961e-04
-8.3191e-04
-1.3689e-03
-1.8822e-03
-2.4051e-03
-2.9237e-03
-3.3375e-03
-3.5824e-03
-3.7271e-03
-3.8417e-03
-3.9132e-03
-3.8624e-03
-3.5766e-03
-2.9514e-03
-1.9476e-03
-6.1559e-04
9.3746e-04
2.5617e-03
4.0886e-03
5.3352e-03
6.1671e-03
6.6202e-03
6.9035e-03
7.2948e-03
7.9972e-03
9.0449e-03
1.0310e-02
1.1603e-02
1.2805e-02
1.3869e-02
1.4791e-02
1.5596e-02
1.6271e-02
1.6705e-02
1.6714e-02
1.6123e-02
1.4841e-02
1.2872e-02
1.0282e-02
7.2324e-03
3.9544e-03
5.9643e-04
-2.7599e-03
-6.0217e-03
-9.0540e-03
-1.1687e-02
-1.3764e-02
-1.5210e-02
-1.6064e-02
-1.6407e-02
-1.6303e-02
-1.5818e-02
-1.5061e-02
-1.4178e-02
-1.3336e-02
-1.2669e-02
-1.2204e-02
-1.1874e-02
-1.1579e-02
-1.1187e-02
-1.0557e-02
-9.6240e-03
-8.4065e-03
-6.9372e-03
-5.2392e-03
-3.3375e-03
-1.3114e-03
6.9681e-04
2.5351e-03
4.0461e-03
5.0866e-03
5.5843e-03
5.5684e-03
5.1228e-03
4.3056e-03
3.1273e-03
1.7250e-03
4.3617e-04
-3.3642e-04
-3.5404e-04
3.2154e-04
1.5065e-03
2.9561e-03
4.3180e-03
5.2601e-03
5.6228e-03
5.3819e-03
4.6006e-03
3.3717e-03
1.7319e-03
-3.5348e-04
-2.8072e-03
-5.4106e-03
-7.9564e-03
-1.0168e-02
-1.1665e-02
-1.2136e-02
-1.1511e-02
-1.0020e-02
-8.0281e-03
-5.8144e-03
-3.5167e-03
-1.1558e-03
1.3268e-03
3.9311e-03
6.5164e-03
8.8633e-03
1.0737e-02
1.1953e-02
1.2471e-02
1.2399e-02
1.1866e-02
1.1000e-02
9.9413e-03
8.8491e-03
7.8650e-03
7.0515e-03
6.3769e-03
5.7395e-03
5.0311e-03
4.1856e-03
3.1832e-03
2.0507e-03
8.4588e-04
-3.9902e-04
-1.7043e-03
-3.1018e-03
-4.5512e-03
-5.9019e-03
-7.0239e-03
-7.8858e-03
-8.4850e-03
-8.8071e-03
-8.8178e-03
-8.5228e-03
-8.0022e-03
-7.3728e-03
-6.7604e-03
-6.2649e-03
-5.9671e-03
-5.9550e-03
-6.3288e-03
-7.0474e-03
-7.8379e-03
-8.4362e-03
-8.7178e-03
-8.6143e-03
-8.1129e-03
-7.2561e-03
-6.0627e-03
-4.5267e-03
-2.6941e-03
-6.9370e-04
1.2971e-03
3.0973e-03
4.5880e-03
5.7631e-03
6.6053e-03
7.0129e-03
7.0108e-03
6.7873e-03
6.4862e-03
6.2171e-03
6.0808e-03
6.1037e-03
6.2435e-03
6.4636e-03
6.7228e-03
6.9445e-03
7.0156e-03
6.8391e-03
6.4057e-03
5.7193e-03
4.7556e-03
3.5897e-03
2.4303e-03
1.5038e-03
9.1209e-04
5.7511e-04
3.6379e-04
1.9435e-04
5.0724e-05
-9.8047e-05
-3.4234e-04
-7.5246e-04
-1.3317e-03
-2.0234e-03
-2.7554e-03
-3.4792e-03
-4.1576e-03
-4.7575e-03
-5.2573e-03
-5.6653e-03
-6.0385e-03
-6.4952e-03
-7.2020e-03
-8.3158e-03
-9.8628e-03
-1.1688e-02
-1.3559e-02
-1.5246e-02
-1.6582e-02
-1.7475e-02
-1.7869e-02
-1.7672e-02
-1.6840e-02
-1.5498e-02
-1.3814e-02
-1.1904e-02
-9.9525e-03
-8.1297e-03
-6.3529e-03
-4.4860e-03
-2.5706e-03
-8.1015e-04
5.7970e-04
1.5712e-03
2.3191e-03
3.0194e-03
3.7182e-03
4.3469e-03
4.8826e-03
5.2681e-03
5.3543e-03
5.0335e-03
4.3359e-03
3.4151e-03
2.4031e-03
1.3170e-03
1.6417e-04
-1.0264e-03
-2.2600e-03
-3.5476e-03
-4.8362e-03
-5.9400e-03
-6.6333e-03
-6.8308e-03
-6.5447e-03
-5.7992e-03
-4.6353e-03
-3.1314e-03
-1.3888e-03
4.7166e-04
2.3446e-03
4.1999e-03
6.1048e-03
8.1822e-03
1.0408e-02
1.2569e-02
1.4550e-02
1.6338e-02
1.7821e-02
1.8927e-02
1.9736e-02
2.0346e-02
2.0750e-02
2.0778e-02
2.0280e-02
1.9242e-02
1.7655e-02
1.5522e-02
1.2922e-02
9.9433e-03
6.6534e-03
3.2348e-03
-5.9779e-05
-3.1185e-03
-5.9301e-03
-8.5115e-03
-1.0922e-02
-1.3236e-02
-1.5451e-02
-1.7448e-02
-1.8990e-02
-1.9807e-02
-1.9724e-02
-1.8760e-02
-1.7129e-02
-1.5113e-02
-1.2847e-02
-1.0280e-02
-7.2717e-03
-3.8234e-03
-1.5018e-04
3.5855e-03
7.3462e-03
1.1048e-02
1.4603e-02
1.8045e-02
2.1467e-02
2.4872e-02
2.8040e-02
3.0593e-02
3.2247e-02
3.2918e-02
3.2687e-02
3.1696e-02
3.0052e-02
2.7827e-02
2.5088e-02
2.1880e-02
1.8288e-02
1.4469e-02
1.0604e-02
6.8660e-03
3.4367e-03
4.4798e-04
-2.0979e-03
-4.2330e-03
-5.9053e-03
-7.0703e-03
-7.7806e-03
-8.1890e-03
-8.4682e-03
-8.6640e-03
-8.7844e-03
-8.8976e-03
-9.0794e-03
-9.3644e-03
-9.7338e-03
-1.0105e-02
-1.0344e-02
-1.0333e-02
-1.0019e-02
-9.3929e-03
-8.4880e-03
-7.4132e-03
-6.2921e-03
-5.1506e-03
-3.9435e-03
-2.6378e-03
-1.3026e-03
-7.0880e-05
1.0193e-03
2.0042e-03
2.8916e-03
3.6141e-03
4.0502e-03
4.1370e-03
3.8753e-03
3.2282e-03
2.1830e-03
8.3271e-04
-6.2300e-04
-1.9472e-03
-2.9935e-03
-3.7142e-03
-4.0795e-03
-4.0623e-03
-3.6549e-03
-2.9368e-03
-2.0769e-03
-1.2234e-03
-4.4678e-04
2.8770e-04
1.0481e-03
1.8564e-03
2.6882e-03
3.5217e-03
4.4121e-03
5.4636e-03
6.7311e-03
8.1651e-03
9.6330e-03
1.1055e-02
1.2432e-02
1.3747e-02
1.4942e-02
1.5955e-02
1.6789e-02
1.7491e-02
1.7979e-02
1.8075e-02
1.7734e-02
1.7060e-02
1.6214e-02
1.5445e-02
1.5002e-02
1.4916e-02
1.5004e-02
1.5120e-02
1.5169e-02
1.5071e-02
1.4759e-02
1.4197e-02
1.3402e-02
1.2426e-02
1.1310e-02
1.0060e-02
8.6710e-03
7.2170e-03
5.8871e-03
4.8488e-03
4.1959e-03
3.9998e-03
4.3100e-03
5.1468e-03
6.4618e-03
8.1128e-03
9.8667e-03
1.1522e-02
1.3139e-02
1.4867e-02
1.6598e-02
1.8048e-02
1.8936e-02
1.9071e-02
1.8403e-02
1.7035e-02
1.5171e-02
1.2958e-02
1.0496e-02
7.8780e-03
5.2006e-03
2.6006e-03
2.8316e-04
-1.5289e-03
-2.7139e-03
-3.2533e-03
-3.1742e-03
-2.5500e-03
-1.5124e-03
-2.7377e-04
9.4120e-04
2.0521e-03
2.9548e-03
3.3532e-03
3.0648e-03
2.2386e-03
1.1591e-03
8.0706e-05
-8.6182e-04
-1.6348e-03
-2.2461e-03
-2.6785e-03
-2.8460e-03
-2.6306e-03
-1.9159e-03
-6.0201e-04
1.3005e-03
3.5949e-03
5.9835e-03
8.2533e-03
1.0413e-02
1.2606e-02
1.4793e-02
1.6726e-02
1.8156e-02
1.8873e-02
1.8741e-02
1.7828e-02
1.6382e-02
1.4593e-02
1.2577e-02
1.0486e-02
8.5248e-03
6.8766e-03
5.6180e-03
4.6671e-03
3.8168e-03
2.8257e-03
1.5676e-03
5.5785e-05
-1.6209e-03
-3.4371e-03
-5.4450e-03
-7.5130e-03
-9.2599e-03
-1.0259e-02
-1.0225e-02
-9.1594e-03
-7.3150e-03
-5.0380e-03
-2.5957e-03
-7.5612e-05
2.6285e-03
5.6451e-03
8.8984e-03
1.2130e-02
1.5007e-02
1.7180e-02
1.8412e-02
1.8757e-02
1.8469e-02
1.7718e-02
1.6602e-02
1.5192e-02
1.3480e-02
1.1436e-02
9.1209e-03
6.7063e-03
4.4118e-03
2.4282e-03
8.2039e-04
-5.4741e-04
-1.8534e-03
-3.0627e-03
-4.0189e-03
-4.6315e-03
-5.0018e-03
-5.3611e-03
-5.8499e-03
-6.5465e-03
-7.5113e-03
-8.6916e-03
-9.9251e-03
-1.1083e-02
-1.2097e-02
-1.2935e-02
-1.3592e-02
-1.4032e-02
-1.4085e-02
-1.3553e-02
-1.2426e-02
-1.0830e-02
-8.8885e-03
-6.7386e-03
-4.5301e-03
-2.3671e-03
-2.3218e-04
2.0324e-03
4.4952e-03
7.0100e-03
9.3550e-03
1.1322e-02
1.2763e-02
1.3639e-02
1.3994e-02
1.3822e-02
1.3073e-02
1.1761e-02
9.9347e-03
7.6224e-03
4.9930e-03
2.3548e-03
-1.1804e-04
-2.4315e-03
-4.6451e-03
-6.6921e-03
-8.3449e-03
-9.4792e-03
-1.0123e-02
-1.0256e-02
-9.8134e-03
-8.7458e-03
-7.0639e-03
-4.8555e-03
-2.2298e-03
7.0298e-04
3.8633e-03
7.1312e-03
1.0307e-02
1.3166e-02
1.5550e-02
1.7437e-02
1.8867e-02
1.9875e-02
2.0629e-02
2.1401e-02
2.2305e-02
2.3365e-02
2.4680e-02
2.6391e-02
2.8522e-02
3.0775e-02
3.2691e-02
3.4056e-02
3.4849e-02
3.5058e-02
3.4639e-02
3.3562e-02
3.1936e-02
3.0011e-02
2.8060e-02
2.6228e-02
2.4488e-02
2.2763e-02
2.1019e-02
1.9267e-02
1.7394e-02
1.5133e-02
1.2395e-02
9.3727e-03
6.3416e-03
3.4579e-03
6.6564e-04
-2.1105e-03
-4.8584e-03
-7.5442e-03
-1.0024e-02
-1.1961e-02
-1.2984e-02
-1.2910e-02
-1.1886e-02
-1.0345e-02
-8.7906e-03
-7.6936e-03
-7.3522e-03
-7.7132e-03
-8.4706e-03
-9.3561e-03
-1.0182e-02
-1.0821e-02
-1.1195e-02
-1.1276e-02
-1.1115e-02
-1.0870e-02
-1.0794e-02
-1.1139e-02
-1.2039e-02
-1.3386e-02
-1.4883e-02
-1.6205e-02
-1.7119e-02
-1.7492e-02
-1.7181e-02
-1.6150e-02
-1.4605e-02
-1.2865e-02
-1.1188e-02
-9.6492e-03
-8.2925e-03
-7.3351e-03
-7.0124e-03
-7.4039e-03
-8.4180e-03
-9.8513e-03
-1.1519e-02
-1.3230e-02
-1.4771e-02
-1.5927e-02
-1.6430e-02
-1.5907e-02
-1.4130e-02
-1.1220e-02
-7.5366e-03
-3.4738e-03
8.0574e-04
5.2843e-03
9.9699e-03
1.4908e-02
2.0035e-02
2.4940e-02
2.9084e-02
3.2179e-02
3.4091e-02
3.4847e-02
3.4819e-02
3.4497e-02
3.3999e-02
3.3150e-02
3.1723e-02
2.9642e-02
2.7040e-02
2.4130e-02
2.1089e-02
1.7990e-02
1.4895e-02
1.1845e-02
8.7547e-03
5.5463e-03
2.3008e-03
-7.5868e-04
-3.4346e-03
-5.7790e-03
-7.9313e-03
-9.9152e-03
-1.1812e-02
-1.3776e-02
-1.5805e-02
-1.7810e-02
-1.9785e-02
-2.1739e-02
-2.3587e-02
-2.5092e-02
-2.5959e-02
-2.6015e-02
-2.5315e-02
-2.4117e-02
-2.2688e-02
-2.1229e-02
-1.9874e-02
-1.8712e-02
-1.7775e-02
-1.6959e-02
-1.6080e-02
-1.5032e-02
-1.3772e-02
-1.2287e-02
-1.0679e-02
-9.1821e-03
-8.0448e-03
-7.3642e-03
-6.9819e-03
-6.6814e-03
-6.3600e-03
-5.9399e-03
-5.3498e-03
-4.5862e-03
-3.6313e-03
-2.4055e-03
-9.4105e-04
5.6359e-04
1.9019e-03
2.9545e-03
3.7365e-03
4.3492e-03
4.8966e-03
5.4179e-03
5.8718e-03
6.1331e-03
5.9499e-03
5.0181e-03
3.3181e-03
1.2106e-03
-8.1202e-04
-2.1890e-03
-2.3817e-03
-1.1642e-03
1.1648e-03
3.8203e-03
5.8418e-03
6.6840e-03
6.5401e-03
6.2460e-03
6.5713e-03
7.8491e-03
1.0082e-02
1.2932e-02
1.5749e-02
1.7730e-02
1.8254e-02
1.7305e-02
1.5383e-02
1.3034e-02
1.0739e-02
8.9001e-03
7.8521e-03
7.7982e-03
8.6868e-03
1.0309e-02
1.2477e-02
1.5000e-02
1.7619e-02
1.9968e-02
2.1596e-02
2.2053e-02
2.1000e-02
1.8385e-02
1.4664e-02
1.0602e-02
6.6227e-03
2.7515e-03
-1.2112e-03
-5.3883e-03
-9.6436e-03
-1.3655e-02
-1.7031e-02
-1.9480e-02
-2.0947e-02
-2.1636e-02
-2.1858e-02
-2.1942e-02
-2.2118e-02
-2.2443e-02
-2.2790e-02
-2.3034e-02
-2.3136e-02
-2.3057e-02
-2.2760e-02
-2.2244e-02
-2.1565e-02
-2.0808e-02
-2.0030e-02
-1.9230e-02
-1.8346e-02
-1.7221e-02
-1.5594e-02
-1.3209e-02
-1.0019e-02
-6.3699e-03
-2.7192e-03
7.6127e-04
4.0333e-03
7.0788e-03
9.9932e-03
1.2823e-02
1.5299e-02
1.6985e-02
1.7516e-02
1.6706e-02
1.4554e-02
1.1141e-02
6.7650e-03
1.9187e-03
-3.0798e-03
-8.1576e-03
-1.3162e-02
-1.7906e-02
-2.2390e-02
-2.6626e-02
-3.0441e-02
-3.3495e-02
-3.5491e-02
-3.6415e-02
-3.6397e-02
-3.5483e-02
-3.3749e-02
-3.1402e-02
-2.8734e-02
-2.5988e-02
-2.3189e-02
-2.0246e-02
-1.7149e-02
-1.4136e-02
-1.1592e-02
-9.7570e-03
-8.7133e-03
-8.4173e-03
-8.6361e-03
-8.9766e-03
-9.0544e-03
-8.5218e-03
-7.1132e-03
-4.8069e-03
-1.8928e-03
1.1617e-03
4.0114e-03
6.7685e-03
9.6819e-03
1.2762e-02
1.5797e-02
1.8457e-02
2.0420e-02
2.1494e-02
2.1698e-02
2.1271e-02
2.0561e-02
1.9812e-02
1.9159e-02
1.8702e-02
1.8512e-02
1.8612e-02
1.8938e-02
1.9331e-02
1.9581e-02
1.9433e-02
1.8630e-02
1.7059e-02
1.4803e-02
1.2065e-02
9.0711e-03
5.9406e-03
2.7035e-03
-6.3309e-04
-4.0027e-03
-7.1881e-03
-9.7903e-03
-1.1433e-02
-1.1994e-02
-1.1663e-02
-1.0893e-02
-1.0280e-02
-1.0445e-02
-1.1848e-02
-1.4602e-02
-1.8413e-02
-2.2733e-02
-2.7004e-02
-3.1006e-02
-3.4866e-02
-3.8874e-02
-4.3148e-02
-4.7479e-02
-5.1437e-02
-5.4517e-02
-5.6331e-02
-5.6813e-02
-5.6234e-02
-5.4975e-02
-5.3369e-02
-5.1567e-02
-4.9631e-02
-4.7637e-02
-4.5659e-02
-4.3742e-02
-4.1860e-02
-3.9987e-02
-3.8198e-02
-3.6699e-02
-3.5714e-02
-3.5269e-02
-3.5230e-02
-3.5445e-02
-3.5702e-02
-3.5756e-02
-3.5487e-02
-3.4958e-02
-3.4348e-02
-3.3782e-02
-3.3271e-02
-3.2873e-02
-3.2731e-02
-3.2975e-02
-3.3688e-02
-3.4964e-02
-3.6994e-02
-3.9988e-02
-4.3958e-02
-4.8694e-02
-5.3881e-02
-5.9168e-02
-6.4286e-02
-6.9207e-02
-7.3965e-02
-7.8372e-02
-8.2002e-02
-8.4397e-02
-8.5426e-02
-8.5460e-02
-8.5232e-02
-8.5471e-02
-8.6530e-02
-8.8293e-02
-9.0201e-02
-9.1372e-02
-9.0732e-02
-8.7227e-02
-8.0132e-02
-6.9366e-02
-5.5560e-02
-3.9568e-02
-2.1812e-02
-2.7762e-03
1.6600e-02
3.5152e-02
5.1759e-02
6.5621e-02
7.6072e-02
8.2547e-02
8.5013e-02
8.3923e-02
7.9630e-02
7.2626e-02
6.3578e-02
5.2849e-02
4.0423e-02
2.6155e-02
1.0444e-02
-5.4815e-03
-2.0304e-02
-3.3287e-02
-4.4508e-02
-5.4588e-02
-6.4036e-02
-7.2772e-02
-8.0177e-02
-8.5793e-02
-8.9694e-02
-9.2376e-02
-9.4379e-02
-9.5981e-02
-9.7332e-02
-9.8487e-02
-9.9269e-02
-9.9421e-02
-9.8795e-02
-9.7414e-02
-9.5467e-02
-9.3211e-02
-9.0829e-02
-8.8391e-02
-8.6149e-02
-8.4580e-02
-8.3989e-02
-8.4401e-02
-8.5625e-02
-8.7199e-02
-8.8477e-02
-8.8930e-02
-8.8238e-02
-8.6284e-02
-8.3218e-02
-7.9404e-02
-7.5144e-02
-7.0564e-02
-6.5625e-02
-6.0306e-02
-5.4673e-02
-4.8724e-02
-4.2434e-02
-3.6064e-02
-3.0011e-02
-2.4468e-02
-1.9406e-02
-1.4629e-02
-9.7900e-03
-4.4761e-03
1.5844e-03
8.2147e-03
1.4807e-02
2.0958e-02
2.6692e-02
3.2146e-02
3.7392e-02
4.2360e-02
4.6988e-02
5.1191e-02
5.4582e-02
5.6488e-02
5.6240e-02
5.3689e-02
4.9344e-02
4.3815e-02
3.7571e-02
3.0884e-02
2.3975e-02
1.7095e-02
1.0425e-02
4.1073e-03
-1.6066e-03
-6.2766e-03
-9.2833e-03
-1.0037e-02
-8.2978e-03
-4.4418e-03
7.3790e-04
6.6474e-03
1.2960e-02
1.9516e-02
2.6151e-02
3.2617e-02
3.8677e-02
4.4118e-02
4.8641e-02
5.1571e-02
5.1981e-02
4.9256e-02
4.3447e-02
3.5160e-02
2.4998e-02
1.3238e-02
6.5628e-05
-1.4119e-02
-2.8644e-02
-4.2676e-02
-5.5512e-02
-6.6880e-02
-7.6805e-02
-8.5110e-02
-9.1589e-02
-9.6257e-02
-9.9354e-02
-1.0132e-01
-1.0270e-01
-1.0399e-01
-1.0550e-01
-1.0726e-01
-1.0917e-01
-1.1100e-01
-1.1259e-01
-1.1380e-01
-1.1458e-01
-1.1488e-01
-1.1476e-01
-1.1439e-01
-1.1404e-01
-1.1397e-01
-1.1431e-01
-1.1505e-01
-1.1609e-01
-1.1741e-01
-1.1910e-01
-1.2132e-01
-1.2414e-01
-1.2745e-01
-1.3109e-01
-1.3497e-01
-1.3918e-01
-1.4402e-01
-1.4979e-01
-1.5655e-01
-1.6400e-01
-1.7147e-01
-1.7832e-01
-1.8431e-01
-1.8914e-01
-1.9202e-01
-1.9160e-01
-1.8646e-01
-1.7572e-01
-1.5921e-01
-1.3740e-01
-1.1142e-01
-8.2978e-02
-5.3884e-02
-2.6206e-02
-1.9593e-03
1.8157e-02
3.4893e-02
4.9087e-02
6.1331e-02
7.1997e-02
8.1173e-02
8.8775e-02
9.4964e-02
1.0017e-01
1.0460e-01
1.0835e-01
1.1143e-01
1.1368e-01
1.1483e-01
1.1486e-01
1.1398e-01
1.1238e-01
1.1017e-01
1.0725e-01
1.0348e-01
9.8724e-02
9.2931e-02
8.6029e-02
7.7909e-02
6.8728e-02
5.8984e-02
4.9211e-02
3.9648e-02
3.0024e-02
2.0030e-02
9.7544e-03
-2.7916e-04
-9.4696e-03
-1.7608e-02
-2.4570e-02
-3.0023e-02
-3.3742e-02
-3.5784e-02
-3.6357e-02
-3.5859e-02
-3.4779e-02
-3.3447e-02
-3.1924e-02
-3.0109e-02
-2.7966e-02
-2.5762e-02
-2.4182e-02
-2.4033e-02
-2.5436e-02
-2.7840e-02
-3.0854e-02
-3.4307e-02
-3.8123e-02
-4.2249e-02
-4.6551e-02
-5.0770e-02
-5.4642e-02
-5.8084e-02
-6.1061e-02
-6.3404e-02
-6.4756e-02
-6.4707e-02
-6.3038e-02
-5.9872e-02
-5.5631e-02
-5.0822e-02
-4.5779e-02
-4.0434e-02
-3.4494e-02
-2.7776e-02
-2.0418e-02
-1.2816e-02
-5.2093e-03
2.4044e-03
1.0089e-02
1.7691e-02
2.4854e-02
3.1627e-02
3.8588e-02
4.6336e-02
5.5196e-02
6.5082e-02
7.5630e-02
8.6380e-02
9.6955e-02
1.0714e-01
1.1689e-01
1.2618e-01
1.3490e-01
1.4292e-01
1.5025e-01
1.5687e-01
1.6266e-01
1.6736e-01
1.7078e-01
1.7302e-01
1.7454e-01
1.7606e-01
1.7823e-01
1.8138e-01
1.8525e-01
1.8905e-01
1.9208e-01
1.9445e-01
1.9682e-01
1.9948e-01
2.0232e-01
2.0508e-01
2.0770e-01
2.1023e-01
2.1257e-01
2.1445e-01
2.1565e-01
2.1605e-01
2.1561e-01
2.1424e-01
2.1184e-01
2.0834e-01
2.0369e-01
1.9775e-01
1.9024e-01
1.8087e-01
1.6971e-01
1.5717e-01
1.4385e-01
1.3038e-01
1.1739e-01
1.0530e-01
9.4340e-02
8.4670e-02
7.6137e-02
6.8371e-02
6.1294e-02
5.5187e-02
5.0404e-02
4.7149e-02
4.5382e-02
4.4908e-02
4.5509e-02
4.7115e-02
4.9724e-02
5.3294e-02
5.7680e-02
6.2656e-02
6.8045e-02
7.3776e-02
7.9905e-02
8.6461e-02
9.3344e-02
1.0045e-01
1.0768e-01
1.1487e-01
1.2184e-01
1.2860e-01
1.3513e-01
1.4129e-01
1.4687e-01
1.5168e-01
1.5546e-01
1.5799e-01
1.5920e-01
1.5925e-01
1.5849e-01
1.5742e-01
1.5656e-01
1.5620e-01
1.5643e-01
1.5699e-01
1.5711e-01
1.5557e-01
1.5098e-01
1.4219e-01
1.2848e-01
1.0955e-01
8.5543e-02
5.7363e-02
2.7114e-02
-2.1215e-03
-2.7489e-02
-4.7633e-02
-6.2953e-02
-7.4948e-02
-8.4839e-02
-9.3500e-02
-1.0156e-01
-1.0925e-01
-1.1650e-01
-1.2340e-01
-1.3034e-01
-1.3785e-01
-1.4619e-01
-1.5519e-01
-1.6470e-01
-1.7477e-01
-1.8566e-01
-1.9733e-01
-2.0934e-01
-2.2127e-01
-2.3289e-01
-2.4383e-01
-2.5364e-01
-2.6205e-01
-2.6925e-01
-2.7578e-01
-2.8236e-01
-2.8936e-01
-2.9623e-01
-3.0223e-01
-3.0702e-01
-3.1036e-01
-3.1191e-01
-3.1169e-01
-3.0988e-01
-3.0652e-01
-3.0172e-01
-2.9574e-01
-2.8854e-01
-2.7958e-01
-2.6781e-01
-2.5175e-01
-2.2976e-01
-2.0031e-01
-1.6270e-01
-1.1776e-01
-6.8587e-02
-2.0001e-02
2.3670e-02
6.0089e-02
8.8635e-02
1.1021e-01
1.2678e-01
1.4042e-01
1.5228e-01
1.6257e-01
1.7110e-01
1.7790e-01
1.8321e-01
1.8710e-01
1.8958e-01
1.9078e-01
1.9101e-01
1.9065e-01
1.8998e-01
1.8921e-01
1.8852e-01
1.8793e-01
1.8738e-01
1.8685e-01
1.8639e-01
1.8609e-01
1.8608e-01
1.8641e-01
1.8709e-01
1.8814e-01
1.8962e-01
1.9144e-01
1.9327e-01
1.9467e-01
1.9506e-01
1.9350e-01
1.8903e-01
1.8108e-01
1.6957e-01
1.5479e-01
1.3703e-01
1.1673e-01
9.4630e-02
7.1669e-02
4.9010e-02
2.8031e-02
9.9872e-03
-4.6404e-03
-1.6276e-02
-2.5827e-02
-3.3899e-02
-4.0711e-02
-4.6628e-02
-5.2209e-02
-5.7927e-02
-6.4141e-02
-7.1047e-02
-7.8530e-02
-8.6153e-02
-9.3387e-02
-1.0007e-01
-1.0654e-01
-1.1293e-01
-1.1876e-01
-1.2290e-01
-1.2420e-01
-1.2223e-01
-1.1749e-01
-1.1115e-01
-1.0419e-01
-9.7159e-02
-9.0110e-02
-8.2815e-02
-7.5228e-02
-6.7879e-02
-6.1651e-02
-5.7207e-02
-5.4687e-02
-5.3696e-02
-5.3618e-02
-5.3802e-02
-5.3784e-02
-5.3363e-02
-5.2573e-02
-5.1587e-02
-5.0637e-02
-4.9998e-02
-5.0024e-02
-5.1076e-02
-5.3280e-02
-5.6455e-02
-6.0329e-02
-6.4713e-02
-6.9617e-02
-7.5076e-02
-8.0994e-02
-8.7134e-02
-9.3176e-02
-9.8887e-02
-1.0431e-01
-1.0973e-01
-1.1531e-01
-1.2093e-01
-1.2622e-01
-1.3093e-01
-1.3519e-01
-1.3920e-01
-1.4305e-01
-1.4666e-01
-1.4970e-01
-1.5177e-01
-1.5254e-01
-1.5192e-01
-1.4997e-01
-1.4685e-01
-1.4267e-01
-1.3754e-01
-1.3143e-01
-1.2388e-01
-1.1447e-01
-1.0333e-01
-9.1194e-02
-7.8897e-02
-6.6509e-02
-5.3642e-02
-4.0122e-02
-2.6155e-02
-1.2250e-02
1.0583e-03
1.3282e-02
2.4043e-02
3.3307e-02
4.1403e-02
4.8680e-02
5.5244e-02
6.0763e-02
6.4801e-02
6.7191e-02
6.8169e-02
6.8311e-02
6.8209e-02
6.8390e-02
6.9227e-02
7.0847e-02
7.3157e-02
7.5966e-02
7.9039e-02
8.2170e-02
8.5247e-02
8.8239e-02
9.1113e-02
9.3736e-02
9.5851e-02
9.7191e-02
9.7556e-02
9.6781e-02
9.4791e-02
9.1649e-02
8.7549e-02
8.2735e-02
7.7369e-02
7.1559e-02
6.5393e-02
5.8871e-02
5.1921e-02
4.4567e-02
3.6969e-02
2.9307e-02
2.1745e-02
1.4429e-02
7.5229e-03
1.1067e-03
-4.9756e-03
-1.0930e-02
-1.6799e-02
-2.2503e-02
-2.7916e-02
-3.2936e-02
-3.7550e-02
-4.1845e-02
-4.5912e-02
-4.9788e-02
-5.3430e-02
-5.6765e-02
-5.9746e-02
-6.2412e-02
-6.4861e-02
-6.7109e-02
-6.9092e-02
-7.0668e-02
-7.1540e-02
-7.1336e-02
-6.9825e-02
-6.7034e-02
-6.3133e-02
-5.8217e-02
-5.2189e-02
-4.4884e-02
-3.6288e-02
-2.6710e-02
-1.6843e-02
-7.3698e-03
1.8038e-03
1.1107e-02
2.0337e-02
2.9106e-02
3.7337e-02
4.5085e-02
5.2435e-02
5.9475e-02
6.6264e-02
7.2774e-02
7.8887e-02
8.4494e-02
8.9599e-02
9.4184e-02
9.8131e-02
1.0146e-01
1.0439e-01
1.0703e-01
1.0929e-01
1.1081e-01
1.1116e-01
1.1002e-01
1.0724e-01
1.0283e-01
9.6811e-02
8.9274e-02
8.0390e-02
7.0209e-02
5.8812e-02
4.6476e-02
3.3728e-02
2.1260e-02
9.6810e-03
-6.0755e-04
-9.4334e-03
-1.6691e-02
-2.2229e-02
-2.5890e-02
-2.7630e-02
-2.7533e-02
-2.5935e-02
-2.3330e-02
-2.0041e-02
-1.6206e-02
-1.1917e-02
-7.4427e-03
-3.2264e-03
4.5208e-04
3.5089e-03
5.8552e-03
7.4848e-03
8.5398e-03
9.1867e-03
9.5352e-03
9.5865e-03
9.3198e-03
8.7452e-03
7.8507e-03
6.6565e-03
5.3278e-03
4.0634e-03
2.9629e-03
2.1390e-03
1.6989e-03
1.5584e-03
1.5184e-03
1.4572e-03
1.3355e-03
1.1280e-03
7.4994e-04
1.7183e-04
-4.2356e-04
-7.6692e-04
-6.5805e-04
-1.5958e-05
1.0760e-03
2.3963e-03
3.7849e-03
5.2762e-03
6.9570e-03
8.8069e-03
1.0628e-02
1.2204e-02
1.3464e-02
1.4435e-02
1.5137e-02
1.5486e-02
1.5412e-02
1.4967e-02
1.4272e-02
1.3466e-02
1.2688e-02
1.2107e-02
1.1923e-02
1.2326e-02
1.3407e-02
1.5077e-02
1.7114e-02
1.9296e-02
2.1401e-02
2.3177e-02
2.4339e-02
2.4626e-02
2.3894e-02
2.2204e-02
1.9799e-02
1.6961e-02
1.3944e-02
1.0915e-02
7.9493e-03
5.1366e-03
2.8701e-03
1.7262e-03
1.9672e-03
3.6143e-03
6.6716e-03
1.0967e-02
1.6145e-02
2.1972e-02
2.8359e-02
3.5292e-02
4.2604e-02
4.9961e-02
5.7140e-02
6.3908e-02
6.9845e-02
7.4745e-02
7.8824e-02
8.2343e-02
8.5415e-02
8.7949e-02
8.9846e-02
9.1126e-02
9.1838e-02
9.2041e-02
9.1817e-02
9.1243e-02
9.0343e-02
8.9088e-02
8.7465e-02
8.5518e-02
8.3317e-02
8.0891e-02
7.8271e-02
7.5517e-02
7.2653e-02
6.9648e-02
6.6441e-02
6.3096e-02
5.9800e-02
5.6614e-02
5.3406e-02
4.9938e-02
4.6046e-02
4.1771e-02
3.7347e-02
3.3047e-02
2.8985e-02
2.5200e-02
2.1705e-02
1.8317e-02
1.4706e-02
1.0686e-02
6.3414e-03
1.9784e-03
-2.0959e-03
-5.7852e-03
-9.2766e-03
-1.2885e-02
-1.6804e-02
-2.1075e-02
-2.5648e-02
-3.0491e-02
-3.5532e-02
-4.0589e-02
-4.5484e-02
-5.0193e-02
-5.4898e-02
-5.9846e-02
-6.5084e-02
-7.0521e-02
-7.6036e-02
-8.1457e-02
-8.6587e-02
-9.1286e-02
-9.5446e-02
-9.8916e-02
-1.0146e-01
-1.0285e-01
-1.0304e-01
-1.0204e-01
-9.9636e-02
-9.5662e-02
-9.0238e-02
-8.3786e-02
-7.6835e-02
-6.9665e-02
-6.2335e-02
-5.4791e-02
-4.6894e-02
-3.8553e-02
-2.9853e-02
-2.0980e-02
-1.2135e-02
-3.6658e-03
4.0107e-03
1.0742e-02
1.6675e-02
2.2093e-02
2.7204e-02
3.1994e-02
3.6183e-02
3.9400e-02
4.1423e-02
4.2265e-02
4.2170e-02
4.1528e-02
4.0708e-02
3.9801e-02
3.8752e-02
3.7555e-02
3.6312e-02
3.5183e-02
3.4251e-02
3.3609e-02
3.3421e-02
3.3791e-02
3.4694e-02
3.6056e-02
3.7753e-02
3.9630e-02
4.1569e-02
4.3523e-02
4.5468e-02
4.7368e-02
4.9156e-02
5.0741e-02
5.2028e-02
5.2951e-02
5.3471e-02
5.3537e-02
5.3083e-02
5.2003e-02
5.0125e-02
4.7280e-02
4.3430e-02
3.8638e-02
3.2990e-02
2.6726e-02
2.0145e-02
1.3207e-02
5.7403e-03
-2.1957e-03
-1.0482e-02
-1.9073e-02
-2.7810e-02
-3.6336e-02
-4.4199e-02
-5.1156e-02
-5.7281e-02
-6.2607e-02
-6.7026e-02
-7.0403e-02
-7.2731e-02
-7.4197e-02
-7.5115e-02
-7.5809e-02
-7.6422e-02
-7.6981e-02
-7.7508e-02
-7.8039e-02
-7.8598e-02
-7.9130e-02
-7.9563e-02
-7.9853e-02
-7.9981e-02
-7.9884e-02
-7.9395e-02
-7.8279e-02
-7.6295e-02
-7.3239e-02
-6.8994e-02
-6.3541e-02
-5.7030e-02
-4.9736e-02
-4.1863e-02
-3.3555e-02
-2.4984e-02
-1.6396e-02
-8.0519e-03
-7.1348e-05
7.4478e-03
1.4201e-02
1.9883e-02
2.4409e-02
2.7854e-02
3.0426e-02
3.2389e-02
3.4012e-02
3.5501e-02
3.6938e-02
3.8334e-02
3.9710e-02
4.1180e-02
4.2913e-02
4.4926e-02
4.7016e-02
4.8852e-02
5.0111e-02
5.0554e-02
4.9969e-02
4.8198e-02
4.5223e-02
4.1238e-02
3.6572e-02
3.1473e-02
2.6056e-02
2.0339e-02
1.4436e-02
8.6231e-03
3.1606e-03
-1.7162e-03
-5.7157e-03
-8.6641e-03
-1.0642e-02
-1.1898e-02
-1.2715e-02
-1.3235e-02
-1.3549e-02
-1.3753e-02
-1.3862e-02
-1.3806e-02
-1.3493e-02
-1.2865e-02
-1.1917e-02
-1.0678e-02
-9.2357e-03
-7.7638e-03
-6.4765e-03
-5.5308e-03
-4.9342e-03
-4.5849e-03
-4.4013e-03
-4.3027e-03
-4.1882e-03
-3.9909e-03
-3.6848e-03
-3.2497e-03
-2.6152e-03
-1.6695e-03
-3.7352e-04
1.2077e-03
3.0103e-03
5.1026e-03
7.6656e-03
1.0708e-02
1.4080e-02
1.7753e-02
2.1774e-02
2.6190e-02
3.1032e-02
3.6266e-02
4.1764e-02
4.7418e-02
5.3243e-02
5.9302e-02
6.5522e-02
7.1548e-02
7.6975e-02
8.1631e-02
8.5579e-02
8.8915e-02
9.1481e-02
9.3031e-02
9.3484e-02
9.2988e-02
9.1862e-02
9.0405e-02
8.8855e-02
8.7347e-02
8.5900e-02
8.4466e-02
8.3026e-02
8.1563e-02
8.0020e-02
7.8359e-02
7.6624e-02
7.4915e-02
7.3318e-02
7.1805e-02
7.0222e-02
6.8354e-02
6.6038e-02
6.3250e-02
6.0089e-02
5.6651e-02
5.2933e-02
4.8914e-02
4.4640e-02
4.0262e-02
3.5954e-02
3.1832e-02
2.7965e-02
2.4425e-02
2.1333e-02
1.8817e-02
1.6966e-02
1.5871e-02
1.5595e-02
1.6127e-02
1.7346e-02
1.9074e-02
2.1169e-02
2.3546e-02
2.6156e-02
2.8908e-02
3.1665e-02
3.4355e-02
3.7033e-02
3.9818e-02
4.2753e-02
4.5679e-02
4.8357e-02
5.0545e-02
5.1973e-02
5.2404e-02
5.1708e-02
4.9830e-02
4.6773e-02
4.2621e-02
3.7524e-02
3.1568e-02
2.4778e-02
1.7176e-02
8.8560e-03
1.7649e-04
-8.2145e-03
-1.5849e-02
-2.2711e-02
-2.8805e-02
-3.4078e-02
-3.8636e-02
-4.2649e-02
-4.6186e-02
-4.9196e-02
-5.1608e-02
-5.3439e-02
-5.4758e-02
-5.5613e-02
-5.6068e-02
-5.6162e-02
-5.5766e-02
-5.4707e-02
-5.2889e-02
-5.0229e-02
-4.6668e-02
-4.2249e-02
-3.7089e-02
-3.1243e-02
-2.4683e-02
-1.7402e-02
-9.6390e-03
-1.8311e-03
5.7406e-03
1.2959e-02
1.9776e-02
2.6131e-02
3.1965e-02
3.7368e-02
4.2521e-02
4.7473e-02
5.2267e-02
5.7044e-02
6.1768e-02
6.6217e-02
7.0379e-02
7.4411e-02
7.8263e-02
8.1783e-02
8.4949e-02
8.7910e-02
9.0859e-02
9.3778e-02
9.6498e-02
9.8983e-02
1.0127e-01
1.0331e-01
1.0497e-01
1.0610e-01
1.0666e-01
1.0670e-01
1.0625e-01
1.0532e-01
1.0406e-01
1.0252e-01
1.0075e-01
9.8750e-02
9.6610e-02
9.4426e-02
9.2334e-02
9.0471e-02
8.8841e-02
8.7360e-02
8.6125e-02
8.5306e-02
8.4870e-02
8.4667e-02
8.4612e-02
8.4696e-02
8.4962e-02
8.5438e-02
8.6088e-02
8.6786e-02
8.7363e-02
8.7702e-02
8.7825e-02
8.7870e-02
8.7945e-02
8.8093e-02
8.8311e-02
8.8554e-02
8.8769e-02
8.8955e-02
8.9158e-02
8.9368e-02
8.9489e-02
8.9351e-02
8.8753e-02
8.7531e-02
8.5656e-02
8.3297e-02
8.0775e-02
7.8354e-02
7.5987e-02
7.3503e-02
7.0854e-02
6.8089e-02
6.5346e-02
6.2848e-02
6.0841e-02
5.9488e-02
5.8889e-02
5.9099e-02
6.0055e-02
6.1542e-02
6.3263e-02
6.4955e-02
6.6542e-02
6.8056e-02
6.9534e-02
7.1040e-02
7.2624e-02
7.4251e-02
7.5835e-02
7.7313e-02
7.8621e-02
7.9694e-02
8.0568e-02
8.1358e-02
8.2129e-02
8.2909e-02
8.3743e-02
8.4573e-02
8.5210e-02
8.5510e-02
8.5444e-02
8.5037e-02
8.4350e-02
8.3442e-02
8.2340e-02
8.1013e-02
7.9349e-02
7.7207e-02
7.4500e-02
7.1232e-02
6.7487e-02
6.3384e-02
5.9041e-02
5.4554e-02
4.9955e-02
4.5131e-02
3.9955e-02
3.4449e-02
2.8848e-02
2.3496e-02
1.8580e-02
1.4129e-02
1.0144e-02
6.5515e-03
3.1806e-03
-1.3812e-04
-3.4531e-03
-6.6065e-03
-9.3680e-03
-1.1658e-02
-1.3567e-02
-1.5288e-02
-1.7001e-02
-1.8793e-02
-2.0599e-02
-2.2272e-02
-2.3692e-02
-2.4812e-02
-2.5660e-02
-2.6312e-02
-2.6853e-02
-2.7336e-02
-2.7794e-02
-2.8276e-02
-2.8845e-02
-2.9542e-02
-3.0307e-02
-3.1032e-02
-3.1694e-02
-3.2263e-02
-3.2609e-02
-3.2655e-02
-3.2431e-02
-3.1955e-02
-3.1220e-02
-3.0221e-02
-2.8910e-02
-2.7182e-02
-2.5018e-02
-2.2551e-02
-1.9963e-02
-1.7435e-02
-1.5088e-02
-1.2927e-02
-1.0855e-02
-8.8092e-03
-6.8321e-03
-5.0354e-03
-3.5067e-03
-2.2353e-03
-1.1817e-03
-3.4740e-04
2.6871e-04
6.8375e-04
8.9497e-04
9.0561e-04
7.5218e-04
4.6812e-04
3.3544e-05
-6.5843e-04
-1.7304e-03
-3.1986e-03
-5.0021e-03
-7.1062e-03
-9.4991e-03
-1.2154e-02
-1.4967e-02
-1.7761e-02
-2.0382e-02
-2.2816e-02
-2.5221e-02
-2.7732e-02
-3.0347e-02
-3.2998e-02
-3.5584e-02
-3.7979e-02
-4.0051e-02
-4.1713e-02
-4.2965e-02
-4.3879e-02
-4.4484e-02
-4.4817e-02
-4.4959e-02
-4.4961e-02
-4.4862e-02
-4.4790e-02
-4.4907e-02
-4.5270e-02
-4.5861e-02
-4.6661e-02
-4.7680e-02
-4.8940e-02
-5.0428e-02
-5.2096e-02
-5.3882e-02
-5.5684e-02
-5.7421e-02
-5.9157e-02
-6.1019e-02
-6.3032e-02
-6.5150e-02
-6.7308e-02
-6.9409e-02
-7.1377e-02
-7.3212e-02
-7.4951e-02
-7.6566e-02
-7.7925e-02
-7.8851e-02
-7.9272e-02
-7.9268e-02
-7.9022e-02
-7.8741e-02
-7.8567e-02
-7.8530e-02
-7.8589e-02
-7.8713e-02
-7.8882e-02
-7.9062e-02
-7.9198e-02
-7.9201e-02
-7.8971e-02
-7.8433e-02
-7.7610e-02
-7.6720e-02
-7.6077e-02
-7.5778e-02
-7.5695e-02
-7.5667e-02
-7.5579e-02
-7.5431e-02
-7.5379e-02
-7.5593e-02
-7.5996e-02
-7.6368e-02
-7.6563e-02
-7.6517e-02
-7.6210e-02
-7.5611e-02
-7.4695e-02
-7.3448e-02
-7.1834e-02
-6.9791e-02
-6.7309e-02
-6.4518e-02
-6.1684e-02
-5.9016e-02
-5.6487e-02
-5.3977e-02
-5.1393e-02
-4.8679e-02
-4.5832e-02
-4.2921e-02
-4.0091e-02
-3.7515e-02
-3.5290e-02
-3.3419e-02
-3.1869e-02
-3.0591e-02
-2.9552e-02
-2.8750e-02
-2.8197e-02
-2.7882e-02
-2.7823e-02
-2.8112e-02
-2.8803e-02
-2.9849e-02
-3.1206e-02
-3.2862e-02
-3.4841e-02
-3.7131e-02
-3.9674e-02
-4.2434e-02
-4.5368e-02
-4.8328e-02
-5.1185e-02
-5.3974e-02
-5.6755e-02
-5.9505e-02
-6.2135e-02
-6.4573e-02
-6.6847e-02
-6.9044e-02
-7.1228e-02
-7.3373e-02
-7.5362e-02
-7.7034e-02
-7.8297e-02
-7.9195e-02
-7.9828e-02
-8.0279e-02
-8.0581e-02
-8.0755e-02
-8.0834e-02
-8.0826e-02
-8.0702e-02
-8.0425e-02
-7.9980e-02
-7.9392e-02
-7.8688e-02
-7.7864e-02
-7.6910e-02
-7.5847e-02
-7.4736e-02
-7.3645e-02
-7.2586e-02
-7.1527e-02
-7.0450e-02
-6.9425e-02
-6.8576e-02
-6.7976e-02
-6.7608e-02
-6.7411e-02
-6.7384e-02
-6.7620e-02
-6.8221e-02
-6.9177e-02
-7.0314e-02
-7.1455e-02
-7.2572e-02
-7.3799e-02
-7.5260e-02
-7.6844e-02
-7.8351e-02
-7.9688e-02
-8.0877e-02
-8.1961e-02
-8.2896e-02
-8.3666e-02
-8.4405e-02
-8.5270e-02
-8.6298e-02
-8.7360e-02
-8.8303e-02
-8.9153e-02
-9.0014e-02
-9.0926e-02
-9.1861e-02
-9.2772e-02
-9.3656e-02
-9.4505e-02
-9.5233e-02
-9.5709e-02
-9.5838e-02
-9.5675e-02
-9.5372e-02
-9.5033e-02
-9.4658e-02
-9.4174e-02
-9.3524e-02
-9.2685e-02
-9.1591e-02
-9.0127e-02
-8.8176e-02
-8.5766e-02
-8.3110e-02
-8.0466e-02
-7.8029e-02
-7.5836e-02
-7.3832e-02
-7.1961e-02
-7.0232e-02
-6.8714e-02
-6.7487e-02
-6.6603e-02
-6.6078e-02
-6.5935e-02
-6.6191e-02
-6.6791e-02
-6.7599e-02
-6.8463e-02
-6.9309e-02
-7.0170e-02
-7.1086e-02
-7.2099e-02
-7.3299e-02
-7.4734e-02
-7.6345e-02
-7.8019e-02
-7.9655e-02
-8.1233e-02
-8.2805e-02
-8.4414e-02
-8.5967e-02
-8.7252e-02
-8.8187e-02
-8.8794e-02
-8.9015e-02
-8.8806e-02
-8.8230e-02
-8.7366e-02
-8.6198e-02
-8.4524e-02
-8.2146e-02
-7.9090e-02
-7.5564e-02
-7.1822e-02
-6.8006e-02
-6.4143e-02
-6.0211e-02
-5.6186e-02
-5.2077e-02
-4.7948e-02
-4.3873e-02
-3.9867e-02
-3.5850e-02
-3.1705e-02
-2.7415e-02
-2.3114e-02
-1.8936e-02
-1.4940e-02
-1.1111e-02
-7.3684e-03
-3.6566e-03
-1.3176e-04
2.8887e-03
5.2367e-03
6.9488e-03
8.1511e-03
9.0146e-03
9.6810e-03
1.0186e-02
1.0483e-02
1.0528e-02
1.0342e-02
1.0016e-02
9.6152e-03
9.1749e-03
8.7913e-03
8.5934e-03
8.6408e-03
8.8977e-03
9.2802e-03
9.7711e-03
1.0398e-02
1.1121e-02
1.1847e-02
1.2518e-02
1.3148e-02
1.3774e-02
1.4294e-02
1.4502e-02
1.4252e-02
1.3582e-02
1.2682e-02
1.1660e-02
1.0501e-02
9.2114e-03
7.8203e-03
6.3473e-03
4.8239e-03
3.2871e-03
1.7328e-03
1.9323e-04
-1.1819e-03
-2.3269e-03
-3.4060e-03
-4.6710e-03
-6.3141e-03
-8.3653e-03
-1.0703e-02
-1.3165e-02
-1.5699e-02
-1.8333e-02
-2.0933e-02
-2.3301e-02
-2.5444e-02
-2.7426e-02
-2.9175e-02
-3.0530e-02
-3.1332e-02
-3.1502e-02
-3.1102e-02
-3.0295e-02
-2.9245e-02
-2.8067e-02
-2.6876e-02
-2.5755e-02
-2.4655e-02
-2.3525e-02
-2.2431e-02
-2.1481e-02
-2.0746e-02
-2.0238e-02
-1.9915e-02
-1.9712e-02
-1.9515e-02
-1.9173e-02
-1.8582e-02
-1.7739e-02
-1.6731e-02
-1.5657e-02
-1.4552e-02
-1.3469e-02
-1.2518e-02
-1.1780e-02
-1.1279e-02
-1.1005e-02
-1.1003e-02
-1.1400e-02
-1.2269e-02
-1.3582e-02
-1.5295e-02
-1.7346e-02
-1.9638e-02
-2.2040e-02
-2.4410e-02
-2.6637e-02
-2.8632e-02
-3.0308e-02
-3.1688e-02
-3.2938e-02
-3.4157e-02
-3.5324e-02
-3.6476e-02
-3.7671e-02
-3.8860e-02
-3.9939e-02
-4.0842e-02
-4.1560e-02
-4.2106e-02
-4.2466e-02
-4.2623e-02
-4.2600e-02
-4.2488e-02
-4.2392e-02
-4.2301e-02
-4.2103e-02
-4.1707e-02
-4.1076e-02
-4.0232e-02
-3.9205e-02
-3.8029e-02
-3.6744e-02
-3.5327e-02
-3.3627e-02
-3.1542e-02
-2.9098e-02
-2.6321e-02
-2.3288e-02
-2.0291e-02
-1.7605e-02
-1.5236e-02
-1.3147e-02
-1.1346e-02
-9.7079e-03
-8.0321e-03
-6.2525e-03
-4.3986e-03
-2.5339e-03
-8.0698e-04
6.2010e-04
1.7395e-03
2.6160e-03
3.2505e-03
3.7305e-03
4.2686e-03
4.9804e-03
5.8009e-03
6.5651e-03
7.1945e-03
7.8081e-03
8.5160e-03
9.3048e-03
1.0109e-02
1.0841e-02
1.1409e-02
1.1790e-02
1.2043e-02
1.2187e-02
1.2197e-02
1.2108e-02
1.1988e-02
1.1844e-02
1.1568e-02
1.0976e-02
9.9384e-03
8.4671e-03
6.7128e-03
4.8292e-03
2.8410e-03
6.8333e-04
-1.7312e-03
-4.4652e-03
-7.5396e-03
-1.0928e-02
-1.4502e-02
-1.8047e-02
-2.1398e-02
-2.4479e-02
-2.7266e-02
-2.9702e-02
-3.1659e-02
-3.3088e-02
-3.4067e-02
-3.4696e-02
-3.5049e-02
-3.5133e-02
-3.4959e-02
-3.4593e-02
-3.4122e-02
-3.3624e-02
-3.3111e-02
-3.2545e-02
-3.1869e-02
-3.1036e-02
-3.0070e-02
-2.9127e-02
-2.8348e-02
-2.7670e-02
-2.6955e-02
-2.6142e-02
-2.5314e-02
-2.4579e-02
-2.3863e-02
-2.3069e-02
-2.2275e-02
-2.1649e-02
-2.1337e-02
-2.1358e-02
-2.1654e-02
-2.2189e-02
-2.2910e-02
-2.3720e-02
-2.4523e-02
-2.5265e-02
-2.5968e-02
-2.6607e-02
-2.7045e-02
-2.7198e-02
-2.7121e-02
-2.6946e-02
-2.6774e-02
-2.6590e-02
-2.6343e-02
-2.6040e-02
-2.5761e-02
-2.5612e-02
-2.5645e-02
-2.5877e-02
-2.6333e-02
-2.6995e-02
-2.7792e-02
-2.8628e-02
-2.9370e-02
-2.9829e-02
-2.9788e-02
-2.9066e-02
-2.7606e-02
-2.5504e-02
-2.2918e-02
-2.0036e-02
-1.6998e-02
-1.3816e-02
-1.0375e-02
-6.4983e-03
-2.0146e-03
3.1879e-03
8.9882e-03
1.5039e-02
2.1059e-02
2.6948e-02
3.2706e-02
3.8295e-02
4.3570e-02
4.8446e-02
5.2975e-02
5.7260e-02
6.1403e-02
6.5513e-02
6.9724e-02
7.4188e-02
7.8975e-02
8.4014e-02
8.9102e-02
9.4065e-02
9.8914e-02
1.0377e-01
1.0874e-01
1.1378e-01
1.1870e-01
1.2323e-01
1.2723e-01
1.3082e-01
1.3404e-01
1.3683e-01
1.3913e-01
1.4100e-01
1.4256e-01
1.4382e-01
1.4470e-01
1.4519e-01
1.4536e-01
1.4525e-01
1.4483e-01
1.4406e-01
1.4294e-01
1.4148e-01
1.3962e-01
1.3726e-01
1.3435e-01
1.3095e-01
1.2709e-01
1.2274e-01
1.1783e-01
1.1247e-01
1.0686e-01
1.0117e-01
9.5575e-02
9.0220e-02
8.5263e-02
8.0890e-02
7.7316e-02
7.4664e-02
7.2920e-02
7.1995e-02
7.1745e-02
7.2008e-02
7.2663e-02
7.3697e-02
7.5184e-02
7.7215e-02
7.9835e-02
8.2993e-02
8.6558e-02
9.0361e-02
9.4245e-02
9.8095e-02
1.0182e-01
1.0533e-01
1.0858e-01
1.1155e-01
1.1431e-01
1.1697e-01
1.1952e-01
1.2185e-01
1.2382e-01
1.2532e-01
1.2630e-01
1.2676e-01
1.2674e-01
1.2619e-01
1.2502e-01
1.2313e-01
1.2047e-01
1.1701e-01
1.1268e-01
1.0740e-01
1.0121e-01
9.4232e-02
8.6625e-02
7.8610e-02
7.0371e-02
6.1900e-02
5.3237e-02
4.4693e-02
3.6667e-02
2.9434e-02
2.3070e-02
1.7435e-02
1.2265e-02
7.2699e-03
2.2780e-03
-2.6803e-03
-7.4185e-03
-1.1740e-02
-1.5483e-02
-1.8543e-02
-2.0967e-02
-2.2949e-02
-2.4669e-02
-2.6247e-02
-2.7727e-02
-2.9073e-02
-3.0207e-02
-3.1127e-02
-3.1895e-02
-3.2503e-02
-3.2876e-02
-3.2941e-02
-3.2672e-02
-3.2121e-02
-3.1383e-02
-3.0577e-02
-2.9806e-02
-2.9162e-02
-2.8705e-02
-2.8391e-02
-2.8109e-02
-2.7834e-02
-2.7595e-02
-2.7397e-02
-2.7278e-02
-2.7329e-02
-2.7655e-02
-2.8279e-02
-2.9068e-02
-2.9870e-02
-3.0647e-02
-3.1383e-02
-3.2017e-02
-3.2449e-02
-3.2567e-02
-3.2297e-02
-3.1651e-02
-3.0728e-02
-2.9615e-02
-2.8388e-02
-2.7124e-02
-2.5826e-02
-2.4389e-02
-2.2763e-02
-2.0981e-02
-1.9012e-02
-1.6778e-02
-1.4260e-02
-1.1588e-02
-8.9734e-03
-6.4462e-03
-3.9010e-03
-1.3792e-03
9.5273e-04
2.9171e-03
4.3780e-03
5.2765e-03
5.6414e-03
5.6193e-03
5.4518e-03
5.3947e-03
5.6126e-03
6.1059e-03
6.7354e-03
7.3415e-03
7.8647e-03
8.3983e-03
9.0424e-03
9.8235e-03
1.0763e-02
1.1914e-02
1.3338e-02
1.4957e-02
1.6542e-02
1.7994e-02
1.9377e-02
2.0714e-02
2.1961e-02
2.3033e-02
2.3837e-02
2.4316e-02
2.4498e-02
2.4495e-02
2.4431e-02
2.4354e-02
2.4232e-02
2.4113e-02
2.4114e-02
2.4246e-02
2.4434e-02
2.4591e-02
2.4629e-02
2.4498e-02
2.4269e-02
2.4059e-02
2.3905e-02
2.3814e-02
2.3834e-02
2.4044e-02
2.4521e-02
2.5293e-02
2.6295e-02
2.7378e-02
2.8401e-02
2.9314e-02
3.0154e-02
3.0977e-02
3.1757e-02
3.2396e-02
3.2788e-02
3.2923e-02
3.2863e-02
3.2605e-02
3.2118e-02
3.1407e-02
3.0551e-02
2.9650e-02
2.8696e-02
2.7637e-02
2.6471e-02
2.5213e-02
2.3917e-02
2.2750e-02
2.1897e-02
2.1430e-02
2.1369e-02
2.1737e-02
2.2498e-02
2.3570e-02
2.4905e-02
2.6437e-02
2.8068e-02
2.9763e-02
3.1526e-02
3.3290e-02
3.4960e-02
3.6489e-02
3.7899e-02
3.9251e-02
4.0600e-02
4.2035e-02
4.3693e-02
4.5613e-02
4.7684e-02
4.9781e-02
5.1809e-02
5.3702e-02
5.5472e-02
5.7186e-02
5.8819e-02
6.0242e-02
6.1334e-02
6.1980e-02
6.2081e-02
6.1629e-02
6.0715e-02
5.9411e-02
5.7720e-02
5.5561e-02
5.2860e-02
4.9634e-02
4.5961e-02
4.1866e-02
3.7233e-02
3.2092e-02
2.6752e-02
2.1529e-02
1.6610e-02
1.1999e-02
7.5303e-03
3.0482e-03
-1.2735e-03
-5.1033e-03
-8.4821e-03
-1.1655e-02
-1.4755e-02
-1.7832e-02
-2.0876e-02
-2.3787e-02
-2.6510e-02
-2.9121e-02
-3.1663e-02
-3.4098e-02
-3.6469e-02
-3.8859e-02
-4.1250e-02
-4.3574e-02
-4.5770e-02
-4.7737e-02
-4.9437e-02
-5.1015e-02
-5.2597e-02
-5.4129e-02
-5.5549e-02
-5.6902e-02
-5.8312e-02
-5.9861e-02
-6.1516e-02
-6.3241e-02
-6.5035e-02
-6.6836e-02
-6.8544e-02
-7.0099e-02
-7.1489e-02
-7.2714e-02
-7.3728e-02
-7.4446e-02
-7.4785e-02
-7.4669e-02
-7.4064e-02
-7.3054e-02
-7.1823e-02
-7.0512e-02
-6.9136e-02
-6.7605e-02
-6.5911e-02
-6.4148e-02
-6.2357e-02
-6.0536e-02
-5.8700e-02
-5.6961e-02
-5.5463e-02
-5.4235e-02
-5.3289e-02
-5.2733e-02
-5.2588e-02
-5.2734e-02
-5.3095e-02
-5.3639e-02
-5.4311e-02
-5.5044e-02
-5.5760e-02
-5.6341e-02
-5.6621e-02
-5.6421e-02
-5.5605e-02
-5.4111e-02
-5.1919e-02
-4.9118e-02
-4.5956e-02
-4.2695e-02
-3.9425e-02
-3.6088e-02
-3.2543e-02
-2.8661e-02
-2.4470e-02
-2.0215e-02
-1.6150e-02
-1.2401e-02
-8.9630e-03
-5.7371e-03
-2.6020e-03
5.1701e-04
3.5839e-03
6.4072e-03
8.7395e-03
1.0442e-02
1.1578e-02
1.2345e-02
1.2856e-02
1.3172e-02
1.3431e-02
1.3776e-02
1.4295e-02
1.5082e-02
1.6159e-02
1.7353e-02
1.8505e-02
1.9667e-02
2.0981e-02
2.2499e-02
2.4046e-02
2.5427e-02
2.6650e-02
2.7792e-02
2.8907e-02
3.0015e-02
3.1061e-02
3.1897e-02
3.2383e-02
3.2494e-02
3.2334e-02
3.2020e-02
3.1543e-02
3.0869e-02
3.0059e-02
2.9274e-02
2.8635e-02
2.8067e-02
2.7472e-02
2.6889e-02
2.6406e-02
2.6094e-02
2.5978e-02
2.6009e-02
2.6073e-02
2.6054e-02
2.5917e-02
2.5750e-02
2.5657e-02
2.5635e-02
2.5640e-02
2.5634e-02
2.5590e-02
2.5495e-02
2.5355e-02
2.5213e-02
2.5134e-02
2.5195e-02
2.5408e-02
2.5685e-02
2.5942e-02
2.6179e-02
2.6394e-02
2.6599e-02
2.6869e-02
2.7273e-02
2.7783e-02
2.8261e-02
2.8526e-02
2.8469e-02
2.8105e-02
2.7577e-02
2.7100e-02
2.6840e-02
2.6766e-02
2.6729e-02
2.6624e-02
2.6411e-02
2.6111e-02
2.5806e-02
2.5590e-02
2.5497e-02
2.5550e-02
2.5799e-02
2.6289e-02
2.7015e-02
2.7903e-02
2.8845e-02
2.9763e-02
3.0666e-02
3.1617e-02
3.2639e-02
3.3730e-02
3.4898e-02
3.6076e-02
3.7119e-02
3.7907e-02
3.8401e-02
3.8650e-02
3.8759e-02
3.8826e-02
3.8880e-02
3.8877e-02
3.8721e-02
3.8297e-02
3.7507e-02
3.6313e-02
3.4704e-02
3.2594e-02
2.9900e-02
2.6610e-02
2.2771e-02
1.8522e-02
1.4143e-02
9.8974e-03
5.8207e-03
1.8052e-03
-2.2686e-03
-6.4639e-03
-1.0749e-02
-1.5003e-02
-1.9083e-02
-2.2869e-02
-2.6239e-02
-2.9142e-02
-3.1693e-02
-3.4042e-02
-3.6214e-02
-3.8096e-02
-3.9558e-02
-4.0630e-02
-4.1423e-02
-4.2002e-02
-4.2459e-02
-4.2921e-02
-4.3414e-02
-4.3903e-02
-4.4381e-02
-4.4884e-02
-4.5429e-02
-4.5942e-02
-4.6289e-02
-4.6386e-02
-4.6230e-02
-4.5899e-02
-4.5494e-02
-4.5090e-02
-4.4693e-02
-4.4302e-02
-4.3959e-02
-4.3679e-02
-4.3407e-02
-4.3044e-02
-4.2527e-02
-4.1911e-02
-4.1376e-02
-4.1116e-02
-4.1169e-02
-4.1434e-02
-4.1809e-02
-4.2165e-02
-4.2365e-02
-4.2328e-02
-4.2027e-02
-4.1430e-02
-4.0539e-02
-3.9410e-02
-3.8125e-02
-3.6754e-02
-3.5326e-02
-3.3848e-02
-3.2342e-02
-3.0848e-02
-2.9382e-02
-2.7863e-02
-2.6173e-02
-2.4225e-02
-2.1942e-02
-1.9313e-02
-1.6507e-02
-1.3810e-02
-1.1448e-02
-9.4871e-03
-7.8152e-03
-6.2185e-03
-4.5069e-03
-2.6531e-03
-7.9239e-04
8.7479e-04
2.2335e-03
3.2931e-03
4.1356e-03
4.9125e-03
5.8068e-03
6.9518e-03
8.3829e-03
1.0036e-02
1.1787e-02
1.3534e-02
1.5252e-02
1.7005e-02
1.8898e-02
2.0979e-02
2.3163e-02
2.5295e-02
2.7225e-02
2.8903e-02
3.0342e-02
3.1553e-02
3.2497e-02
3.3101e-02
3.3305e-02
3.3088e-02
3.2446e-02
3.1402e-02
2.9979e-02
2.8153e-02
2.5944e-02
2.3531e-02
2.1132e-02
1.8861e-02
1.6743e-02
1.4735e-02
1.2768e-02
1.0850e-02
9.1047e-03
7.5994e-03
6.2631e-03
4.9566e-03
3.5902e-03
2.1927e-03
7.8623e-04
-6.2313e-04
-1.8994e-03
-2.8683e-03
-3.4620e-03
-3.6547e-03
-3.4629e-03
-3.0636e-03
-2.7057e-03
-2.5042e-03
-2.4373e-03
-2.4216e-03
-2.3984e-03
-2.3676e-03
-2.3786e-03
-2.5156e-03
-2.8658e-03
-3.4786e-03
-4.3209e-03
-5.2759e-03
-6.2331e-03
-7.1584e-03
-8.0204e-03
-8.7855e-03
-9.4969e-03
-1.0232e-02
-1.1025e-02
-1.1868e-02
-1.2720e-02
-1.3541e-02
-1.4357e-02
-1.5312e-02
-1.6550e-02
-1.8121e-02
-1.9969e-02
-2.1997e-02
-2.4171e-02
-2.6480e-02
-2.8873e-02
-3.1228e-02
-3.3392e-02
-3.5260e-02
-3.6799e-02
-3.8001e-02
-3.8789e-02
-3.9031e-02
-3.8639e-02
-3.7629e-02
-3.6122e-02
-3.4299e-02
-3.2343e-02
-3.0348e-02
-2.8359e-02
-2.6439e-02
-2.4678e-02
-2.3194e-02
-2.2092e-02
-2.1413e-02
-2.1122e-02
-2.1168e-02
-2.1543e-02
-2.2275e-02
-2.3365e-02
-2.4745e-02
-2.6347e-02
-2.8140e-02
-3.0092e-02
-3.2170e-02
-3.4424e-02
-3.7032e-02
-4.0150e-02
-4.3501e-02
-4.6547e-02
-4.9127e-02
-5.1304e-02
-5.3052e-02
-5.4244e-02
-5.4764e-02
-5.4649e-02
-5.3977e-02
-5.2724e-02
-5.0869e-02
-4.8432e-02
-4.5353e-02
-4.1551e-02
-3.7068e-02
-3.2238e-02
-2.7531e-02
-2.3049e-02
-1.8637e-02
-1.4269e-02
-9.9235e-03
-5.5099e-03
-1.0520e-03
3.3026e-03
7.4288e-03
1.1279e-02
1.4917e-02
1.8528e-02
2.2283e-02
2.6122e-02
2.9854e-02
3.3369e-02
3.6717e-02
4.0015e-02
4.3230e-02
4.6263e-02
4.9080e-02
5.1608e-02
5.3738e-02
5.5445e-02
5.6777e-02
5.7749e-02
5.8352e-02
5.8607e-02
5.8619e-02
5.8542e-02
5.8445e-02
5.8287e-02
5.7991e-02
5.7615e-02
5.7321e-02
5.7189e-02
5.7183e-02
5.7187e-02
5.7074e-02
5.6750e-02
5.6176e-02
5.5396e-02
5.4530e-02
5.3716e-02
5.3029e-02
5.2406e-02
5.1693e-02
5.0748e-02
4.9486e-02
4.7920e-02
4.6187e-02
4.4478e-02
4.2889e-02
4.1411e-02
3.9988e-02
3.8593e-02
3.7253e-02
3.6020e-02
3.4896e-02
3.3802e-02
3.2697e-02
3.1612e-02
3.0557e-02
2.9487e-02
2.8339e-02
2.7099e-02
2.5832e-02
2.4603e-02
2.3441e-02
2.2336e-02
2.1234e-02
2.0041e-02
1.8642e-02
1.6975e-02
1.5125e-02
1.3246e-02
1.1432e-02
9.7144e-03
8.0826e-03
6.4932e-03
4.9245e-03
3.4298e-03
2.0730e-03
8.8474e-04
-8.6866e-05
-7.7622e-04
-1.1351e-03
-1.1313e-03
-7.2872e-04
1.0216e-04
1.3262e-03
2.7842e-03
4.2433e-03
5.5308e-03
6.6009e-03
7.5291e-03
8.4293e-03
9.3810e-03
1.0384e-02
1.1416e-02
1.2474e-02
1.3509e-02
1.4451e-02
1.5320e-02
1.6226e-02
1.7298e-02
1.8527e-02
1.9799e-02
2.1106e-02
2.2485e-02
2.3878e-02
2.5245e-02
2.6583e-02
2.7796e-02
2.8746e-02
2.9439e-02
2.9996e-02
3.0525e-02
3.0987e-02
3.1198e-02
3.0972e-02
3.0185e-02
2.8773e-02
2.6637e-02
2.3700e-02
2.0085e-02
1.6034e-02
1.1707e-02
7.3647e-03
3.3661e-03
-2.1373e-04
-3.5263e-03
-6.6183e-03
-9.5563e-03
-1.2538e-02
-1.5678e-02
-1.8895e-02
-2.1946e-02
-2.4533e-02
-2.6427e-02
-2.7560e-02
-2.7988e-02
-2.7767e-02
-2.7016e-02
-2.5939e-02
-2.4659e-02
-2.3123e-02
-2.1213e-02
-1.8867e-02
-1.6153e-02
-1.3275e-02
-1.0489e-02
-7.9586e-03
-5.7028e-03
-3.6296e-03
-1.6509e-03
2.2943e-04
1.9453e-03
3.4258e-03
4.6494e-03
5.6907e-03
6.6964e-03
7.7647e-03
8.9223e-03
1.0195e-02
1.1551e-02
1.2847e-02
1.3909e-02
1.4638e-02
1.5085e-02
1.5331e-02
1.5338e-02
1.5051e-02
1.4492e-02
1.3721e-02
1.2819e-02
1.1862e-02
1.0941e-02
1.0142e-02
9.4661e-03
8.8029e-03
7.9941e-03
6.9840e-03
5.9154e-03
5.0408e-03
4.5614e-03
4.4703e-03
4.6690e-03
5.1160e-03
5.7744e-03
6.5478e-03
7.2796e-03
7.8547e-03
8.3017e-03
8.7315e-03
9.2756e-03
1.0060e-02
1.1131e-02
1.2411e-02
1.3803e-02
1.5268e-02
1.6800e-02
1.8391e-02
2.0033e-02
2.1747e-02
2.3568e-02
2.5441e-02
2.7222e-02
2.8772e-02
2.9983e-02
3.0779e-02
3.1106e-02
3.0932e-02
3.0272e-02
2.9265e-02
2.8171e-02
2.7192e-02
2.6387e-02
2.5693e-02
2.4947e-02
2.3969e-02
2.2724e-02
2.1339e-02
1.9946e-02
1.8630e-02
1.7417e-02
1.6206e-02
1.4824e-02
1.3201e-02
1.1408e-02
9.5658e-03
7.7864e-03
6.1362e-03
4.6393e-03
3.3137e-03
2.2093e-03
1.3262e-03
5.9041e-04
-2.3873e-05
-4.6344e-04
-6.5493e-04
-5.6191e-04
-2.1360e-04
3.1367e-04
8.8559e-04
1.3198e-03
1.4970e-03
1.4257e-03
1.1154e-03
5.3257e-04
-3.6258e-04
-1.6030e-03
-3.2015e-03
-5.0808e-03
-7.0922e-03
-9.1358e-03
-1.1141e-02
-1.3026e-02
-1.4700e-02
-1.6093e-02
-1.7198e-02
-1.8110e-02
-1.9007e-02
-2.0021e-02
-2.1177e-02
-2.2414e-02
-2.3662e-02
-2.4903e-02
-2.6177e-02
-2.7551e-02
-2.9084e-02
-3.0748e-02
-3.2425e-02
-3.4088e-02
-3.5795e-02
-3.7466e-02
-3.8988e-02
-4.0407e-02
-4.1803e-02
-4.3187e-02
-4.4509e-02
-4.5688e-02
-4.6639e-02
-4.7320e-02
-4.7774e-02
-4.8144e-02
-4.8588e-02
-4.9159e-02
-4.9858e-02
-5.0646e-02
-5.1378e-02
-5.1895e-02
-5.2176e-02
-5.2299e-02
-5.2346e-02
-5.2342e-02
-5.2245e-02
-5.1986e-02
-5.1497e-02
-5.0762e-02
-4.9835e-02
-4.8780e-02
-4.7578e-02
-4.6222e-02
-4.4781e-02
-4.3347e-02
-4.2013e-02
-4.0848e-02
-3.9825e-02
-3.8833e-02
-3.7813e-02
-3.6763e-02
-3.5667e-02
-3.4542e-02
-3.3461e-02
-3.2472e-02
-3.1549e-02
-3.0630e-02
-2.9680e-02
-2.8754e-02
-2.7982e-02
-2.7483e-02
-2.7261e-02
-2.7216e-02
-2.7210e-02
-2.7125e-02
-2.6885e-02
-2.6453e-02
-2.5848e-02
-2.5129e-02
-2.4342e-02
-2.3506e-02
-2.2637e-02
-2.1769e-02
-2.0925e-02
-2.0067e-02
-1.9113e-02
-1.8041e-02
-1.6914e-02
-1.5818e-02
-1.4742e-02
-1.3600e-02
-1.2446e-02
-1.1361e-02
-1.0205e-02
-8.8555e-03
-7.4319e-03
-6.1640e-03
-5.2374e-03
-4.7080e-03
-4.5511e-03
-4.7495e-03
-5.2437e-03
-5.9301e-03
-6.7604e-03
-7.7382e-03
-8.8576e-03
-1.0068e-02
-1.1306e-02
-1.2613e-02
-1.4097e-02
-1.5762e-02
-1.7548e-02
-1.9464e-02
-2.1549e-02
-2.3782e-02
-2.5983e-02
-2.7880e-02
-2.9304e-02
-3.0247e-02
-3.0807e-02
-3.1034e-02
-3.0887e-02
-3.0308e-02
-2.9266e-02
-2.7733e-02
-2.5663e-02
-2.3012e-02
-1.9843e-02
-1.6303e-02
-1.2471e-02
-8.4199e-03
-4.2581e-03
-5.6483e-05
4.1461e-03
8.2389e-03
1.2067e-02
1.5519e-02
1.8528e-02
2.1083e-02
2.3295e-02
2.5336e-02
2.7255e-02
2.9063e-02
3.0801e-02
3.2445e-02
3.3883e-02
3.5033e-02
3.5861e-02
3.6338e-02
3.6485e-02
3.6354e-02
3.5928e-02
3.5081e-02
3.3617e-02
3.1434e-02
2.8650e-02
2.5509e-02
2.2259e-02
1.9056e-02
1.5935e-02
1.2828e-02
9.7145e-03
6.7110e-03
3.9834e-03
1.6535e-03
-2.6508e-04
-1.9196e-03
-3.5602e-03
-5.3003e-03
-7.0426e-03
-8.6693e-03
-1.0131e-02
-1.1438e-02
-1.2626e-02
-1.3719e-02
-1.4750e-02
-1.5770e-02
-1.6833e-02
-1.7939e-02
-1.8986e-02
-1.9841e-02
-2.0382e-02
-2.0471e-02
-2.0050e-02
-1.9233e-02
-1.8200e-02
-1.7047e-02
-1.5776e-02
-1.4371e-02
-1.2916e-02
-1.1530e-02
-1.0270e-02
-9.1901e-03
-8.3855e-03
-7.9595e-03
-8.0026e-03
-8.5872e-03
-9.6850e-03
-1.1153e-02
-1.2861e-02
-1.4728e-02
-1.6673e-02
-1.8663e-02
-2.0754e-02
-2.2943e-02
-2.5110e-02
-2.7172e-02
-2.9152e-02
-3.1135e-02
-3.3155e-02
-3.5149e-02
-3.7102e-02
-3.9090e-02
-4.1187e-02
-4.3416e-02
-4.5735e-02
-4.8021e-02
-5.0097e-02
-5.1824e-02
-5.3115e-02
-5.3912e-02
-5.4230e-02
-5.4161e-02
-5.3742e-02
-5.2919e-02
-5.1649e-02
-4.9952e-02
-4.7888e-02
-4.5519e-02
-4.2900e-02
-4.0135e-02
-3.7348e-02
-3.4574e-02
-3.1824e-02
-2.9186e-02
-2.6805e-02
-2.4801e-02
-2.3158e-02
-2.1759e-02
-2.0511e-02
-1.9377e-02
-1.8369e-02
-1.7514e-02
-1.6849e-02
-1.6441e-02
-1.6299e-02
-1.6307e-02
-1.6349e-02
-1.6408e-02
-1.6601e-02
-1.7054e-02
-1.7741e-02
-1.8560e-02
-1.9422e-02
-2.0236e-02
-2.0935e-02
-2.1546e-02
-2.2131e-02
-2.2686e-02
-2.3088e-02
-2.3174e-02
-2.2932e-02
-2.2490e-02
-2.1973e-02
-2.1457e-02
-2.0950e-02
-2.0424e-02
-1.9874e-02
-1.9376e-02
-1.8993e-02
-1.8666e-02
-1.8340e-02
-1.8015e-02
-1.7672e-02
-1.7286e-02
-1.6901e-02
-1.6566e-02
-1.6308e-02
-1.6179e-02
-1.6237e-02
-1.6440e-02
-1.6676e-02
-1.6858e-02
-1.6987e-02
-1.7153e-02
-1.7434e-02
-1.7864e-02
-1.8430e-02
-1.9118e-02
-1.9947e-02
-2.0937e-02
-2.2076e-02
-2.3296e-02
-2.4510e-02
-2.5661e-02
-2.6729e-02
-2.7720e-02
-2.8663e-02
-2.9573e-02
-3.0396e-02
-3.1075e-02
-3.1626e-02
-3.2094e-02
-3.2527e-02
-3.2976e-02
-3.3462e-02
-3.3937e-02
-3.4394e-02
-3.4877e-02
-3.5282e-02
-3.5387e-02
-3.5128e-02
-3.4578e-02
-3.3807e-02
-3.2854e-02
-3.1745e-02
-3.0529e-02
-2.9275e-02
-2.8016e-02
-2.6761e-02
-2.5519e-02
-2.4300e-02
-2.3117e-02
-2.1976e-02
-2.0873e-02
-1.9784e-02
-1.8675e-02
-1.7536e-02
-1.6457e-02
-1.5597e-02
-1.5066e-02
-1.4869e-02
-1.4920e-02
-1.5137e-02
-1.5483e-02
-1.5933e-02
-1.6476e-02
-1.7135e-02
-1.7888e-02
-1.8637e-02
-1.9337e-02
-2.0020e-02
-2.0708e-02
-2.1381e-02
-2.1992e-02
-2.2478e-02
-2.2779e-02
-2.2872e-02
-2.2795e-02
-2.2639e-02
-2.2458e-02
-2.2182e-02
-2.1715e-02
-2.1023e-02
-2.0144e-02
-1.9124e-02
-1.7922e-02
-1.6503e-02
-1.4917e-02
-1.3266e-02
-1.1645e-02
-1.0091e-02
-8.6345e-03
-7.3361e-03
-6.2126e-03
-5.1927e-03
-4.1836e-03
-3.1311e-03
-2.0653e-03
-1.0306e-03
-3.5576e-06
1.1071e-03
2.3996e-03
3.8836e-03
5.4874e-03
7.1384e-03
8.8055e-03
1.0492e-02
1.2152e-02
1.3699e-02
1.5102e-02
1.6406e-02
1.7677e-02
1.8891e-02
1.9941e-02
2.0806e-02
2.1547e-02
2.2178e-02
2.2722e-02
2.3256e-02
2.3784e-02
2.4207e-02
2.4423e-02
2.4393e-02
2.4155e-02
2.3793e-02
2.3376e-02
2.2910e-02
2.2364e-02
2.1751e-02
2.1079e-02
2.0249e-02
1.9187e-02
1.7965e-02
1.6696e-02
1.5464e-02
1.4348e-02
1.3423e-02
1.2768e-02
1.2479e-02
1.2643e-02
1.3214e-02
1.4014e-02
1.4932e-02
1.5978e-02
1.7264e-02
1.8875e-02
2.0770e-02
2.2804e-02
2.4811e-02
2.6737e-02
2.8616e-02
3.0467e-02
3.2290e-02
3.4069e-02
3.5782e-02
3.7404e-02
3.8913e-02
4.0260e-02
4.1352e-02
4.2139e-02
4.2669e-02
4.2993e-02
4.3133e-02
4.3125e-02
4.3009e-02
4.2792e-02
4.2469e-02
4.2032e-02
4.1437e-02
4.0642e-02
3.9710e-02
3.8747e-02
3.7797e-02
3.6890e-02
3.6089e-02
3.5413e-02
3.4826e-02
3.4314e-02
3.3878e-02
3.3513e-02
3.3187e-02
3.2863e-02
3.2547e-02
3.2274e-02
3.2015e-02
3.1714e-02
3.1346e-02
3.0873e-02
3.0246e-02
2.9495e-02
2.8744e-02
2.8115e-02
2.7661e-02
2.7333e-02
2.7090e-02
2.6954e-02
2.6914e-02
2.6913e-02
2.6917e-02
2.6915e-02
2.6902e-02
2.6874e-02
2.6828e-02
2.6769e-02
2.6711e-02
2.6685e-02
2.6732e-02
2.6899e-02
2.7213e-02
2.7663e-02
2.8177e-02
2.8654e-02
2.9044e-02
2.9351e-02
2.9602e-02
2.9777e-02
2.9823e-02
2.9735e-02
2.9532e-02
2.9168e-02
2.8496e-02
2.7339e-02
2.5643e-02
2.3521e-02
2.1169e-02
1.8721e-02
1.6226e-02
1.3756e-02
1.1365e-02
9.0501e-03
6.9485e-03
5.3192e-03
4.2576e-03
3.7170e-03
3.6477e-03
3.9277e-03
4.3857e-03
4.9742e-03
5.7064e-03
6.5648e-03
7.5848e-03
8.8504e-03
1.0352e-02
1.1934e-02
1.3373e-02
1.4595e-02
1.5720e-02
1.6852e-02
1.7947e-02
1.8820e-02
1.9441e-02
1.9981e-02
2.0496e-02
2.0924e-02
2.1216e-02
2.1363e-02
2.1371e-02
2.1209e-02
2.0829e-02
2.0224e-02
1.9461e-02
1.8671e-02
1.7964e-02
1.7365e-02
1.6811e-02
1.6274e-02
1.5768e-02
1.5197e-02
1.4437e-02
1.3489e-02
1.2423e-02
1.1308e-02
1.0157e-02
8.9915e-03
7.8963e-03
6.9537e-03
6.1796e-03
5.5251e-03
4.9233e-03
4.3472e-03
3.8043e-03
3.3206e-03
2.9438e-03
2.7739e-03
2.9630e-03
3.5900e-03
4.5881e-03
5.7984e-03
7.0560e-03
8.2839e-03
9.4750e-03
1.0650e-02
1.1829e-02
1.2968e-02
1.3959e-02
1.4777e-02
1.5514e-02
1.6217e-02
1.6870e-02
1.7430e-02
1.7858e-02
1.8140e-02
1.8321e-02
1.8509e-02
1.8820e-02
1.9236e-02
1.9609e-02
1.9844e-02
1.9958e-02
2.0046e-02
2.0213e-02
2.0525e-02
2.0996e-02
2.1586e-02
2.2245e-02
2.3022e-02
2.4041e-02
2.5311e-02
2.6741e-02
2.8261e-02
2.9792e-02
3.1216e-02
3.2388e-02
3.3212e-02
3.3715e-02
3.3983e-02
3.4088e-02
3.4108e-02
3.4117e-02
3.4147e-02
3.4203e-02
3.4279e-02
3.4357e-02
3.4410e-02
3.4399e-02
3.4274e-02
3.3990e-02
3.3523e-02
3.2896e-02
3.2164e-02
3.1331e-02
3.0335e-02
2.9219e-02
2.8152e-02
2.7245e-02
2.6529e-02
2.5987e-02
2.5596e-02
2.5345e-02
2.5212e-02
2.5178e-02
2.5232e-02
2.5291e-02
2.5224e-02
2.5014e-02
2.4746e-02
2.4497e-02
2.4272e-02
2.4018e-02
2.3724e-02
2.3448e-02
2.3279e-02
2.3264e-02
2.3370e-02
2.3547e-02
2.3732e-02
2.3834e-02
2.3746e-02
2.3397e-02
2.2847e-02
2.2232e-02
2.1613e-02
2.0979e-02
2.0277e-02
1.9443e-02
1.8428e-02
1.7235e-02
1.5942e-02
1.4656e-02
1.3389e-02
1.2097e-02
1.0857e-02
9.8116e-03
9.0383e-03
8.4542e-03
7.9034e-03
7.3880e-03
7.0191e-03
6.8852e-03
7.0089e-03
7.3485e-03
7.8406e-03
8.3873e-03
8.8845e-03
9.3417e-03
9.8698e-03
1.0501e-02
1.1181e-02
1.1849e-02
1.2437e-02
1.2876e-02
1.3114e-02
1.3151e-02
1.3036e-02
1.2837e-02
1.2606e-02
1.2387e-02
1.2182e-02
1.1910e-02
1.1488e-02
1.0919e-02
1.0293e-02
9.6994e-03
9.1151e-03
8.5130e-03
7.9706e-03
7.5848e-03
7.3650e-03
7.1621e-03
6.7896e-03
6.2521e-03
5.6696e-03
5.1265e-03
4.6650e-03
4.2929e-03
3.9825e-03
3.7074e-03
3.5035e-03
3.4141e-03
3.4132e-03
3.4439e-03
3.4658e-03
3.4464e-03
3.3578e-03
3.1847e-03
2.9380e-03
2.6676e-03
2.4643e-03
2.4246e-03
2.5691e-03
2.8200e-03
3.0733e-03
3.2645e-03
3.4236e-03
3.6181e-03
3.8699e-03
4.1479e-03
4.4056e-03
4.6505e-03
4.9314e-03
5.2597e-03
5.6388e-03
6.1094e-03
6.6783e-03
7.2738e-03
7.8085e-03
8.2236e-03
8.4978e-03
8.6586e-03
8.7781e-03
8.9219e-03
9.0948e-03
9.2479e-03
9.3275e-03
9.3471e-03
9.3292e-03
9.1778e-03
8.7922e-03
8.1992e-03
7.4667e-03
6.6301e-03
5.7284e-03
4.8380e-03
4.0733e-03
3.5310e-03
3.2216e-03
3.1009e-03
3.1309e-03
3.3137e-03
3.6797e-03
4.2372e-03
4.9305e-03
5.6434e-03
6.2957e-03
6.9237e-03
7.6074e-03
8.3981e-03
9.3000e-03
1.0257e-02
1.1158e-02
1.1890e-02
1.2404e-02
1.2679e-02
1.2704e-02
1.2524e-02
1.2230e-02
1.1902e-02
1.1569e-02
1.1189e-02
1.0724e-02
1.0191e-02
9.6072e-03
8.9622e-03
8.2341e-03
7.4090e-03
6.4990e-03
5.5536e-03
4.6434e-03
3.8001e-03
3.0096e-03
2.2798e-03
1.6224e-03
9.8594e-04
3.4647e-04
-2.0981e-04
-6.1850e-04
-8.9917e-04
-1.0339e-03
-9.7913e-04
-7.8011e-04
-5.4937e-04
-3.7810e-04
-2.7482e-04
-1.6592e-04
1.8575e-05
3.0208e-04
6.6772e-04
1.0980e-03
1.5971e-03
2.1192e-03
2.5486e-03
2.7907e-03
2.8228e-03
2.7009e-03
2.5248e-03
2.3892e-03
2.3773e-03
2.5247e-03
2.7455e-03
2.8993e-03
2.9517e-03
2.9427e-03
2.9109e-03
2.8960e-03
2.9439e-03
3.1012e-03
3.4050e-03
3.8803e-03
4.5638e-03
5.4978e-03
6.6270e-03
7.7877e-03
8.8442e-03
9.7340e-03
1.0459e-02
1.1083e-02
1.1684e-02
1.2236e-02
1.2616e-02
1.2786e-02
1.2776e-02
1.2551e-02
1.2044e-02
1.1229e-02
1.0165e-02
8.9687e-03
7.6949e-03
6.3309e-03
4.8462e-03
3.2304e-03
1.5223e-03
-1.8081e-04
-1.7961e-03
-3.3939e-03
-5.1261e-03
-7.0339e-03
-9.0198e-03
-1.0915e-02
-1.2621e-02
-1.4161e-02
-1.5599e-02
-1.6973e-02
-1.8247e-02
-1.9327e-02
-2.0142e-02
-2.0741e-02
-2.1241e-02
-2.1627e-02
-1.8290e-02
-1.8282e-02
-1.8024e-02
-1.7629e-02
-1.7181e-02
-1.6683e-02
-1.6093e-02
-1.5357e-02
-1.4447e-02
-1.3389e-02
-1.2264e-02
-1.1157e-02
-1.0129e-02
-9.2186e-03
-8.4402e-03
-7.7860e-03
-7.2634e-03
-6.8894e-03
-6.6019e-03
-6.2842e-03
-5.9122e-03
-5.5301e-03
-5.1757e-03
-4.9153e-03
-4.8199e-03
-4.8122e-03
-4.7244e-03
-4.5379e-03
-4.3061e-03
-4.0363e-03
-3.7607e-03
-3.5386e-03
-3.3775e-03
-3.2681e-03
-3.2159e-03
-3.1664e-03
-3.0122e-03
-2.6971e-03
-2.2436e-03
-1.7243e-03
-1.1996e-03
-6.8887e-04
-1.8101e-04
3.5353e-04
9.4983e-04
1.6315e-03
2.3916e-03
3.1776e-03
3.8910e-03
4.4280e-03
4.7693e-03
4.9869e-03
5.1529e-03
5.2855e-03
5.3462e-03
5.3233e-03
5.2461e-03
5.1105e-03
4.8856e-03
4.5455e-03
4.0915e-03
3.5706e-03
3.0683e-03
2.6498e-03
2.2974e-03
1.9188e-03
1.4449e-03
9.5107e-04
5.0306e-04
1.9946e-05
-5.7695e-04
-1.2653e-03
-1.9549e-03
-2.5959e-03
-3.2298e-03
-3.8473e-03
-4.3544e-03
-4.6796e-03
-4.8101e-03
-4.7805e-03
-4.6342e-03
-4.4158e-03
-4.1832e-03
-3.9747e-03
-3.7932e-03
-3.6747e-03
-3.6801e-03
-3.8102e-03
-4.0321e-03
-4.3265e-03
-4.6685e-03
-5.0076e-03
-5.2785e-03
-5.4554e-03
-5.5829e-03
-5.7096e-03
-5.8479e-03
-5.9788e-03
-6.0587e-03
-6.0313e-03
-5.8474e-03
-5.4895e-03
-4.9838e-03
-4.3734e-03
-3.6882e-03
-2.9662e-03
-2.2726e-03
-1.6858e-03
-1.2372e-03
-8.7349e-04
-5.1464e-04
-9.3512e-05
4.3847e-04
1.0907e-03
1.7891e-03
2.3215e-03
2.4549e-03
2.1726e-03
1.5923e-03
8.1876e-04
-2.6347e-05
-8.3372e-04
-1.6052e-03
-2.3488e-03
-2.9986e-03
-3.5412e-03
-4.0507e-03
-4.5897e-03
-5.1497e-03
-5.6475e-03
-6.0099e-03
-6.2333e-03
-6.3847e-03
-6.5586e-03
-6.8279e-03
-7.2350e-03
-7.7856e-03
-8.4493e-03
-9.1969e-03
-1.0030e-02
-1.0961e-02
-1.1985e-02
-1.3078e-02
-1.4235e-02
-1.5488e-02
-1.6889e-02
-1.8470e-02
-2.0208e-02
-2.2015e-02
-2.3802e-02
-2.5637e-02
-2.7649e-02
-2.9802e-02
-3.1914e-02
-3.3817e-02
-3.5534e-02
-3.7215e-02
-3.8920e-02
-4.0601e-02
-4.2164e-02
-4.3531e-02
-4.4648e-02
-4.5449e-02
-4.5899e-02
-4.6021e-02
-4.5865e-02
-4.5467e-02
-4.4812e-02
-4.3933e-02
-4.2910e-02
-4.1745e-02
-4.0386e-02
-3.8839e-02
-3.7155e-02
-3.5393e-02
-3.3588e-02
-3.1763e-02
-2.9957e-02
-2.8231e-02
-2.6642e-02
-2.5190e-02
-2.3882e-02
-2.2794e-02
-2.1987e-02
-2.1451e-02
-2.1132e-02
-2.0943e-02
-2.0799e-02
-2.0645e-02
-2.0466e-02
-2.0274e-02
-2.0102e-02
-1.9994e-02
-2.0000e-02
-2.0157e-02
-2.0472e-02
-2.0903e-02
-2.1390e-02
-2.1930e-02
-2.2574e-02
-2.3329e-02
-2.4125e-02
-2.4846e-02
-2.5437e-02
-2.5913e-02
-2.6293e-02
-2.6557e-02
-2.6655e-02
-2.6580e-02
-2.6360e-02
-2.5979e-02
-2.5444e-02
-2.4819e-02
-2.4150e-02
-2.3438e-02
-2.2669e-02
-2.1829e-02
-2.0931e-02
-2.0014e-02
-1.9119e-02
-1.8236e-02
-1.7312e-02
-1.6290e-02
-1.5174e-02
-1.4030e-02
-1.2926e-02
-1.1896e-02
-1.0936e-02
-1.0046e-02
-9.2533e-03
-8.5925e-03
-8.0916e-03
-7.7594e-03
-7.5958e-03
-7.5868e-03
-7.6819e-03
-7.8221e-03
-8.0007e-03
-8.2154e-03
-8.4271e-03
-8.5961e-03
-8.7072e-03
-8.7710e-03
-8.8226e-03
-8.9030e-03
-9.0109e-03
-9.1038e-03
-9.1735e-03
-9.2381e-03
-9.2856e-03
-9.3021e-03
-9.2979e-03
-9.2742e-03
-9.2259e-03
-9.1846e-03
-9.1946e-03
-9.2632e-03
-9.3548e-03
-9.4137e-03
-9.4089e-03
-9.3502e-03
-9.2768e-03
-9.2238e-03
-9.1879e-03
-9.1312e-03
-9.0109e-03
-8.8238e-03
-8.5950e-03
-8.3414e-03
-8.0725e-03
-7.7824e-03
-7.4266e-03
-6.9671e-03
-6.4452e-03
-5.9127e-03
-5.3566e-03
-4.7435e-03
-4.0644e-03
-3.3410e-03
-2.6102e-03
-1.8972e-03
-1.2176e-03
-5.8254e-04
3.3596e-06
5.4635e-04
1.0662e-03
1.5948e-03
2.1598e-03
2.7501e-03
3.3151e-03
3.8057e-03
4.1928e-03
4.4765e-03
4.6949e-03
4.9157e-03
5.2006e-03
5.5688e-03
5.9721e-03
6.3409e-03
6.6447e-03
6.8953e-03
7.1269e-03
7.3667e-03
7.6400e-03
7.9774e-03
8.3621e-03
8.7200e-03
9.0049e-03
9.2239e-03
9.3969e-03
9.5339e-03
9.6304e-03
9.6959e-03
9.7615e-03
9.8501e-03
9.9652e-03
1.0091e-02
1.0193e-02
1.0231e-02
1.0189e-02
1.0074e-02
9.8994e-03
9.6796e-03
9.4295e-03
9.1326e-03
8.7531e-03
8.2988e-03
7.8196e-03
7.3572e-03
6.9285e-03
6.5267e-03
6.1428e-03
5.7776e-03
5.4341e-03
5.1012e-03
4.7477e-03
4.3584e-03
3.9494e-03
3.5330e-03
3.1167e-03
2.7277e-03
2.3998e-03
2.1492e-03
1.9681e-03
1.8290e-03
1.7014e-03
1.5638e-03
1.4141e-03
1.2549e-03
1.0859e-03
9.1986e-04
7.8109e-04
6.8339e-04
6.2394e-04
5.8781e-04
5.5953e-04
5.3132e-04
5.0088e-04
4.6846e-04
4.3547e-04
4.0340e-04
3.7319e-04
3.4506e-04
3.1877e-04
2.9399e-04
2.7063e-04
2.4903e-04
2.2979e-04
2.1332e-04
1.9923e-04
1.8575e-04
1.6958e-04
1.4638e-04
1.1208e-04
6.5003e-05
8.0148e-06
-5.0529e-05
-1.0210e-04
-1.4637e-04
-1.8378e-04
-2.0953e-04
-2.2305e-04
-2.2969e-04
-2.3107e-04
-2.2426e-04
-2.0752e-04
-1.8830e-04
-1.8147e-04
-1.9132e-04
-2.0752e-04
-2.1709e-04
-2.1248e-04
-1.9548e-04
-1.7111e-04
-1.4233e-04
-1.1104e-04
-7.8977e-05
-4.8071e-05
-1.9977e-05
6.4565e-06
3.9711e-05
9.0180e-05
1.5592e-04
2.2666e-04
2.9635e-04
3.6289e-04
4.2574e-04
4.8522e-04
5.4182e-04
5.9579e-04
6.4687e-04
6.9440e-04
7.3751e-04
7.7565e-04
8.0900e-04
8.3873e-04
8.6613e-04
8.8993e-04
9.0566e-04
9.1083e-04
9.0682e-04
8.9624e-04
8.8334e-04
8.7435e-04
8.7445e-04
8.8407e-04
8.9670e-04
9.0461e-04
9.0899e-04
9.1616e-04
9.2967e-04
9.4784e-04
9.6589e-04
9.8197e-04
9.9743e-04
1.0141e-03
1.0341e-03
1.0593e-03
1.0892e-03
1.1217e-03
1.1554e-03
1.1905e-03
1.2277e-03
1.2672e-03
1.3090e-03
1.3560e-03
1.4113e-03
1.4729e-03
1.5367e-03
1.6008e-03
1.6648e-03
1.7287e-03
1.7934e-03
1.8592e-03
1.9260e-03
1.9934e-03
2.0600e-03
2.1256e-03
2.1898e-03
2.2519e-03
2.3113e-03
2.3685e-03
2.4243e-03
2.4798e-03
2.5361e-03
2.5935e-03
2.6507e-03
2.7068e-03
2.7624e-03
2.8174e-03
2.8716e-03
2.9255e-03
2.9802e-03
3.0362e-03
3.0933e-03
3.1508e-03
3.2082e-03
3.2650e-03
3.3220e-03
3.3797e-03
3.4383e-03
3.4971e-03
3.5558e-03
3.6142e-03
3.6723e-03
3.7304e-03
3.7885e-03
3.8465e-03
3.9042e-03
3.9614e-03
4.0178e-03
4.0735e-03
4.1286e-03
4.1830e-03
4.2369e-03
4.2903e-03
4.3429e-03
4.3949e-03
4.4462e-03
4.4969e-03
4.5468e-03
4.5960e-03
4.6445e-03
4.6922e-03
4.7392e-03
4.7855e-03
4.8309e-03
4.8756e-03
4.9195e-03
4.9628e-03
5.0054e-03
5.0473e-03
5.0885e-03
5.1289e-03
5.1686e-03
5.2077e-03
5.2460e-03
5.2838e-03
5.3209e-03
5.3573e-03
5.3932e-03
5.4284e-03
5.4631e-03
5.4971e-03
5.5305e-03
5.5633e-03
5.5956e-03
5.6272e-03
5.6583e-03
5.6888e-03
5.7186e-03
5.7479e-03
5.7766e-03
5.8046e-03
5.8321e-03
5.8590e-03
5.8852e-03
5.9109e-03
5.9359e-03
5.9603e-03
5.9841e-03
6.0073e-03
6.0298e-03
