5.000000000000000104e-03 9.931421827353187348e-01
1.000000000000000021e-02 9.839458312326494482e-01
2.000000000000000042e-02 9.418601640435119160e-01
2.999999999999999889e-02 8.723999477200452546e-01
5.000000000000000278e-02 6.988708148870432790e-01
7.000000000000000666e-02 5.384824912668987329e-01
1.000000000000000056e-01 3.648122610030305468e-01
1.499999999999999944e-01 2.063516803378165898e-01
2.000000000000000111e-01 1.290748008424400517e-01
2.999999999999999889e-01 6.195456502888441186e-02
4.000000000000000222e-01 3.489469230988373472e-02
5.000000000000000000e-01 2.150163236099966735e-02
5.999999999999999778e-01 1.401227322268705500e-02
6.999999999999999556e-01 9.487603082509621366e-03
8.000000000000000444e-01 6.609325811063548883e-03
1.000000000000000000e+00 3.409840267353136944e-03
1.250000000000000000e+00 1.616630134642305094e-03
1.500000000000000000e+00 8.145969356435633912e-04
1.750000000000000000e+00 4.285328363992091383e-04
2.000000000000000000e+00 2.309818335254343324e-04
2.500000000000000000e+00 6.898954759737563336e-05
3.000000000000000000e+00 1.981409392493027610e-05
3.500000000000000000e+00 5.084493259865929815e-06
4.000000000000000000e+00 1.116390013655710334e-06
5.000000000000000000e+00 1.909590796600468821e-08
6.000000000000000000e+00 0.000000000000000000e+00
