5.750000000000000000e+00 1.500000000000000000e+01 2.078600590959046174e-02
6.250000000000000000e+00 5.000000000000000000e+00 1.058091137102865065e-01
6.250000000000000000e+00 1.500000000000000000e+01 2.158449045815010181e-01
6.250000000000000000e+00 2.500000000000000000e+01 2.507659261761859774e-03
6.750000000000000000e+00 5.000000000000000000e+00 1.070290646927083422e-01
6.750000000000000000e+00 1.500000000000000000e+01 1.471012517005240439e-01
6.750000000000000000e+00 2.500000000000000000e+01 1.031735293326953469e-02
7.250000000000000000e+00 5.000000000000000000e+00 1.465006723280532497e-01
7.250000000000000000e+00 1.500000000000000000e+01 1.506962372827841679e-01
7.250000000000000000e+00 2.500000000000000000e+01 3.643338748352288603e-02
7.250000000000000000e+00 3.500000000000000000e+01 6.788946170842943438e-04
7.250000000000000000e+00 4.500000000000000000e+01 1.473463466475141848e-06
7.750000000000000000e+00 5.000000000000000000e+00 1.658976101503871481e-02
7.750000000000000000e+00 1.500000000000000000e+01 2.203417513883091511e-02
7.750000000000000000e+00 2.500000000000000000e+01 1.642978444245754913e-02
7.750000000000000000e+00 3.500000000000000000e+01 1.187852063046264482e-03
7.750000000000000000e+00 4.500000000000000000e+01 4.131257901699937938e-05
7.750000000000000000e+00 5.500000000000000000e+01 4.796043139918593767e-08
8.250000000000000000e+00 4.500000000000000000e+01 6.303693637951300155e-06
8.250000000000000000e+00 5.500000000000000000e+01 4.231960434249798206e-06
8.250000000000000000e+00 6.500000000000000000e+01 5.131825532727056885e-07
