5.250000000000000000e+00 1.500000000000000000e+01 1.724783612953115480e-03
5.750000000000000000e+00 1.500000000000000000e+01 5.905754869087002229e-02
5.750000000000000000e+00 2.500000000000000000e+01 2.741422648187077666e-04
6.250000000000000000e+00 5.000000000000000000e+00 1.069499210996301686e-01
6.250000000000000000e+00 1.500000000000000000e+01 2.645156490610980904e-01
6.250000000000000000e+00 2.500000000000000000e+01 1.600953000623904846e-02
6.250000000000000000e+00 3.500000000000000000e+01 2.999385190657364382e-04
6.750000000000000000e+00 5.000000000000000000e+00 8.745038921196507387e-02
6.750000000000000000e+00 1.500000000000000000e+01 1.359144324117516900e-01
6.750000000000000000e+00 2.500000000000000000e+01 2.388048180309357976e-02
6.750000000000000000e+00 3.500000000000000000e+01 1.336924878682602775e-03
6.750000000000000000e+00 4.500000000000000000e+01 3.663110298475339734e-05
7.250000000000000000e+00 5.000000000000000000e+00 1.022964963142631439e-01
7.250000000000000000e+00 1.500000000000000000e+01 1.149577657132948433e-01
7.250000000000000000e+00 2.500000000000000000e+01 4.243435875562776710e-02
7.250000000000000000e+00 3.500000000000000000e+01 4.874509354859751786e-03
7.250000000000000000e+00 4.500000000000000000e+01 7.315173731684205313e-04
7.250000000000000000e+00 5.500000000000000000e+01 4.754127061427180644e-05
7.250000000000000000e+00 6.500000000000000000e+01 3.280949551414564044e-07
7.750000000000000000e+00 5.000000000000000000e+00 9.700006701161707420e-03
7.750000000000000000e+00 1.500000000000000000e+01 1.376934738337245306e-02
7.750000000000000000e+00 2.500000000000000000e+01 1.107526311628717966e-02
7.750000000000000000e+00 3.500000000000000000e+01 2.076364462665591850e-03
7.750000000000000000e+00 4.500000000000000000e+01 4.110622893640060254e-04
7.750000000000000000e+00 5.500000000000000000e+01 6.633239054326913928e-05
7.750000000000000000e+00 6.500000000000000000e+01 9.230208682413154820e-06
7.750000000000000000e+00 7.500000000000000000e+01 2.037200225123242897e-06
7.750000000000000000e+00 8.500000000000000000e+01 1.646162079334362169e-07
8.250000000000000000e+00 4.500000000000000000e+01 2.011476995836608485e-05
8.250000000000000000e+00 5.500000000000000000e+01 3.544465988667984646e-05
8.250000000000000000e+00 6.500000000000000000e+01 2.753826261936041789e-05
8.250000000000000000e+00 7.500000000000000000e+01 1.080050743965928361e-05
8.250000000000000000e+00 8.500000000000000000e+01 2.968497980052819192e-06
8.250000000000000000e+00 9.500000000000000000e+01 3.858460293168937915e-07
8.250000000000000000e+00 1.050000000000000000e+02 4.954764108768192852e-08
