5.750000000000000000e+00 1.500000000000000000e+01 2.343848457207753366e-03
6.250000000000000000e+00 5.000000000000000000e+00 8.672090006854045463e-02
6.250000000000000000e+00 1.500000000000000000e+01 1.539677960905667664e-01
6.250000000000000000e+00 2.500000000000000000e+01 5.290560074224941222e-05
6.750000000000000000e+00 5.000000000000000000e+00 1.151249148536176298e-01
6.750000000000000000e+00 1.500000000000000000e+01 1.467003153452154929e-01
6.750000000000000000e+00 2.500000000000000000e+01 3.620994405851896570e-03
7.250000000000000000e+00 5.000000000000000000e+00 1.882280782470037717e-01
7.250000000000000000e+00 1.500000000000000000e+01 1.862988674354858487e-01
7.250000000000000000e+00 2.500000000000000000e+01 3.336464768805963432e-02
7.250000000000000000e+00 3.500000000000000000e+01 4.805236142168245846e-05
7.750000000000000000e+00 5.000000000000000000e+00 2.563664241825366896e-02
7.750000000000000000e+00 1.500000000000000000e+01 3.362523907813682461e-02
7.750000000000000000e+00 2.500000000000000000e+01 2.377108629318952157e-02
7.750000000000000000e+00 3.500000000000000000e+01 4.957116567069438408e-04
