5.250000000000000000e+00 1.500000000000000000e+01 9.070181689636423739e-02
5.250000000000000000e+00 2.500000000000000000e+01 7.812966749050636803e-03
5.250000000000000000e+00 3.500000000000000000e+01 4.828703554284472974e-04
5.250000000000000000e+00 4.500000000000000000e+01 1.952807835773169778e-07
5.750000000000000000e+00 1.500000000000000000e+01 1.295564009698465524e-01
5.750000000000000000e+00 2.500000000000000000e+01 4.788920797203355395e-02
5.750000000000000000e+00 3.500000000000000000e+01 1.454742880261806863e-02
5.750000000000000000e+00 4.500000000000000000e+01 5.193385286525711159e-03
5.750000000000000000e+00 5.500000000000000000e+01 1.677311372711793409e-03
5.750000000000000000e+00 6.500000000000000000e+01 4.489175488417376401e-04
5.750000000000000000e+00 7.500000000000000000e+01 8.284526620542162208e-05
5.750000000000000000e+00 8.500000000000000000e+01 1.488349804547090203e-07
6.250000000000000000e+00 5.000000000000000000e+00 2.336112889341073265e-02
6.250000000000000000e+00 1.500000000000000000e+01 1.306434309009523453e-01
6.250000000000000000e+00 2.500000000000000000e+01 1.028443856045176685e-01
6.250000000000000000e+00 3.500000000000000000e+01 6.495822167666598368e-02
6.250000000000000000e+00 4.500000000000000000e+01 4.077002241679394956e-02
6.250000000000000000e+00 5.500000000000000000e+01 2.073969427210424835e-02
6.250000000000000000e+00 6.500000000000000000e+01 1.092418696458815654e-02
6.250000000000000000e+00 7.500000000000000000e+01 6.009460318010329330e-03
6.250000000000000000e+00 8.500000000000000000e+01 3.370868784663172933e-03
6.250000000000000000e+00 9.500000000000000000e+01 1.803835251194298812e-03
6.250000000000000000e+00 1.050000000000000000e+02 9.088855152495634027e-04
6.250000000000000000e+00 1.150000000000000000e+02 4.080274421448618896e-04
6.250000000000000000e+00 1.250000000000000000e+02 8.135850015906660455e-05
6.750000000000000000e+00 5.000000000000000000e+00 1.266412300771833921e-02
6.750000000000000000e+00 1.500000000000000000e+01 3.652355501808762089e-02
6.750000000000000000e+00 2.500000000000000000e+01 3.798984325593862676e-02
6.750000000000000000e+00 3.500000000000000000e+01 2.659810518472632834e-02
6.750000000000000000e+00 4.500000000000000000e+01 1.887851907380879921e-02
6.750000000000000000e+00 5.500000000000000000e+01 1.146961652691262830e-02
6.750000000000000000e+00 6.500000000000000000e+01 7.327841558575028114e-03
6.750000000000000000e+00 7.500000000000000000e+01 4.568667826535235434e-03
6.750000000000000000e+00 8.500000000000000000e+01 2.620713502305249253e-03
6.750000000000000000e+00 9.500000000000000000e+01 1.943391449347544675e-03
6.750000000000000000e+00 1.050000000000000000e+02 1.095342824875524673e-03
6.750000000000000000e+00 1.150000000000000000e+02 6.927377310366450826e-04
6.750000000000000000e+00 1.250000000000000000e+02 5.100541112777661010e-04
6.750000000000000000e+00 1.350000000000000000e+02 2.415770625160994559e-04
6.750000000000000000e+00 1.450000000000000000e+02 8.500386635349629319e-05
7.250000000000000000e+00 5.000000000000000000e+00 1.100889977104621727e-02
7.250000000000000000e+00 1.500000000000000000e+01 2.133486057883750980e-02
7.250000000000000000e+00 2.500000000000000000e+01 2.477429224455948362e-02
7.250000000000000000e+00 3.500000000000000000e+01 1.850554930309091309e-02
7.250000000000000000e+00 4.500000000000000000e+01 1.458713362274130509e-02
7.250000000000000000e+00 5.500000000000000000e+01 8.574856432910284501e-03
7.250000000000000000e+00 6.500000000000000000e+01 6.145862155876511551e-03
7.250000000000000000e+00 7.500000000000000000e+01 3.989667219640424464e-03
7.250000000000000000e+00 8.500000000000000000e+01 2.844737402865969277e-03
7.250000000000000000e+00 9.500000000000000000e+01 1.925328203776393568e-03
7.250000000000000000e+00 1.050000000000000000e+02 1.318369871581592714e-03
7.250000000000000000e+00 1.150000000000000000e+02 1.014772104221468635e-03
7.250000000000000000e+00 1.250000000000000000e+02 7.417208892972522319e-04
7.250000000000000000e+00 1.350000000000000000e+02 6.906642960792611649e-04
7.250000000000000000e+00 1.450000000000000000e+02 6.160930325027531591e-04
7.250000000000000000e+00 1.550000000000000000e+02 3.975832743408867775e-04
7.250000000000000000e+00 1.650000000000000000e+02 3.784816395992595252e-05
7.750000000000000000e+00 5.000000000000000000e+00 7.729001334661698410e-04
7.750000000000000000e+00 1.500000000000000000e+01 1.683981617802591179e-03
7.750000000000000000e+00 2.500000000000000000e+01 1.909644765964214203e-03
7.750000000000000000e+00 3.500000000000000000e+01 1.602960514892704707e-03
7.750000000000000000e+00 4.500000000000000000e+01 1.394298877681525743e-03
7.750000000000000000e+00 5.500000000000000000e+01 7.591501583806580834e-04
7.750000000000000000e+00 6.500000000000000000e+01 5.652160752966534649e-04
7.750000000000000000e+00 7.500000000000000000e+01 4.198435414077039728e-04
7.750000000000000000e+00 8.500000000000000000e+01 3.915114663990553216e-04
7.750000000000000000e+00 9.500000000000000000e+01 3.805404920798999518e-04
7.750000000000000000e+00 1.050000000000000000e+02 4.400615602090206658e-04
7.750000000000000000e+00 1.150000000000000000e+02 3.829488895471976550e-04
7.750000000000000000e+00 1.250000000000000000e+02 4.646905836924201602e-04
7.750000000000000000e+00 1.350000000000000000e+02 3.492871632681374453e-04
7.750000000000000000e+00 1.450000000000000000e+02 3.574280775039263662e-04
7.750000000000000000e+00 1.550000000000000000e+02 2.754610543084108610e-04
7.750000000000000000e+00 1.650000000000000000e+02 1.644025021317167834e-04
7.750000000000000000e+00 1.750000000000000000e+02 2.192922427275603958e-05
8.250000000000000000e+00 4.500000000000000000e+01 2.210316335612217946e-05
8.250000000000000000e+00 5.500000000000000000e+01 6.397715850670212222e-05
8.250000000000000000e+00 6.500000000000000000e+01 1.011060887221901212e-04
8.250000000000000000e+00 7.500000000000000000e+01 8.459390838188236329e-05
8.250000000000000000e+00 8.500000000000000000e+01 7.484919490870302935e-05
8.250000000000000000e+00 9.500000000000000000e+01 5.703727107150716267e-05
8.250000000000000000e+00 1.050000000000000000e+02 4.429355230291692644e-05
8.250000000000000000e+00 1.150000000000000000e+02 6.400570199938527931e-05
8.250000000000000000e+00 1.250000000000000000e+02 5.730278207795931367e-05
8.250000000000000000e+00 1.350000000000000000e+02 5.057651459230509932e-05
8.250000000000000000e+00 1.450000000000000000e+02 3.935232861538484801e-05
8.250000000000000000e+00 1.550000000000000000e+02 2.494883199154367530e-05
8.250000000000000000e+00 1.650000000000000000e+02 2.456781290317625101e-05
8.250000000000000000e+00 1.750000000000000000e+02 1.790834324850932969e-05
8.250000000000000000e+00 1.850000000000000000e+02 2.788205828866365426e-06
