5.750000000000000000e+00 1.500000000000000000e+01 1.019993600053564244e-02
6.250000000000000000e+00 5.000000000000000000e+00 9.941614076985542947e-02
6.250000000000000000e+00 1.500000000000000000e+01 1.891489080898424713e-01
6.250000000000000000e+00 2.500000000000000000e+01 8.363135457708140543e-04
6.750000000000000000e+00 5.000000000000000000e+00 1.120649906522892675e-01
6.750000000000000000e+00 1.500000000000000000e+01 1.479594362316050959e-01
6.750000000000000000e+00 2.500000000000000000e+01 6.790991285860593571e-03
7.250000000000000000e+00 5.000000000000000000e+00 1.653262733068200652e-01
7.250000000000000000e+00 1.500000000000000000e+01 1.662538895513540893e-01
7.250000000000000000e+00 2.500000000000000000e+01 3.452757880714220351e-02
7.250000000000000000e+00 3.500000000000000000e+01 2.383227686478246287e-04
7.750000000000000000e+00 5.000000000000000000e+00 2.031424803827670822e-02
7.750000000000000000e+00 1.500000000000000000e+01 2.671163603786353910e-02
7.750000000000000000e+00 2.500000000000000000e+01 1.937050308334077250e-02
7.750000000000000000e+00 3.500000000000000000e+01 8.340581174128840376e-04
7.750000000000000000e+00 4.500000000000000000e+01 6.005950493008882469e-06
8.250000000000000000e+00 4.500000000000000000e+01 7.677628896485738012e-07
