5.250000000000000000e+00 1.500000000000000000e+01 5.352274358854300362e-02
5.250000000000000000e+00 2.500000000000000000e+01 1.164912193001593809e-03
5.750000000000000000e+00 1.500000000000000000e+01 1.441715299358956315e-01
5.750000000000000000e+00 2.500000000000000000e+01 2.428908937763058634e-02
5.750000000000000000e+00 3.500000000000000000e+01 3.392617176721423634e-03
5.750000000000000000e+00 4.500000000000000000e+01 4.433642561759569317e-04
5.750000000000000000e+00 5.500000000000000000e+01 9.549765331112477663e-06
6.250000000000000000e+00 5.000000000000000000e+00 4.620611971989564692e-02
6.250000000000000000e+00 1.500000000000000000e+01 2.061910484457197545e-01
6.250000000000000000e+00 2.500000000000000000e+01 9.737586412617506293e-02
6.250000000000000000e+00 3.500000000000000000e+01 4.118892861285908258e-02
6.250000000000000000e+00 4.500000000000000000e+01 1.854779484605159276e-02
6.250000000000000000e+00 5.500000000000000000e+01 6.884106891875812866e-03
6.250000000000000000e+00 6.500000000000000000e+01 2.489470019926815110e-03
6.250000000000000000e+00 7.500000000000000000e+01 8.646044774511167739e-04
6.250000000000000000e+00 8.500000000000000000e+01 2.636677081571678154e-04
6.250000000000000000e+00 9.500000000000000000e+01 5.244255099536340698e-05
6.250000000000000000e+00 1.050000000000000000e+02 1.963375630102681595e-06
6.750000000000000000e+00 5.000000000000000000e+00 2.668401863404906357e-02
6.750000000000000000e+00 1.500000000000000000e+01 6.540223453859324299e-02
6.750000000000000000e+00 2.500000000000000000e+01 4.765111794891641050e-02
6.750000000000000000e+00 3.500000000000000000e+01 2.284846424116055916e-02
6.750000000000000000e+00 4.500000000000000000e+01 1.245709179703667971e-02
6.750000000000000000e+00 5.500000000000000000e+01 5.954015881413318202e-03
6.750000000000000000e+00 6.500000000000000000e+01 3.049716421682528364e-03
6.750000000000000000e+00 7.500000000000000000e+01 1.503164686205032442e-03
6.750000000000000000e+00 8.500000000000000000e+01 6.539825441767010972e-04
6.750000000000000000e+00 9.500000000000000000e+01 3.238287856990076084e-04
6.750000000000000000e+00 1.050000000000000000e+02 1.122217039628707115e-04
6.750000000000000000e+00 1.150000000000000000e+02 3.451589790004755810e-05
6.750000000000000000e+00 1.250000000000000000e+02 1.386278148325048408e-05
6.750000000000000000e+00 1.350000000000000000e+02 1.492753124439786838e-06
7.250000000000000000e+00 5.000000000000000000e+00 2.416062005343834473e-02
7.250000000000000000e+00 1.500000000000000000e+01 4.107808551201589525e-02
7.250000000000000000e+00 2.500000000000000000e+01 3.754817067862178254e-02
7.250000000000000000e+00 3.500000000000000000e+01 2.031351427594350542e-02
7.250000000000000000e+00 4.500000000000000000e+01 1.251395492957920949e-02
7.250000000000000000e+00 5.500000000000000000e+01 5.946083688947862746e-03
7.250000000000000000e+00 6.500000000000000000e+01 3.525158883232650670e-03
7.250000000000000000e+00 7.500000000000000000e+01 1.923916338628677090e-03
7.250000000000000000e+00 8.500000000000000000e+01 1.166407402944065214e-03
7.250000000000000000e+00 9.500000000000000000e+01 6.619725052864812052e-04
7.250000000000000000e+00 1.050000000000000000e+02 3.738160797556422084e-04
7.250000000000000000e+00 1.150000000000000000e+02 2.495453196682749205e-04
7.250000000000000000e+00 1.250000000000000000e+02 1.506755258737870514e-04
7.250000000000000000e+00 1.350000000000000000e+02 1.237934418945356105e-04
7.250000000000000000e+00 1.450000000000000000e+02 9.116081490213173710e-05
7.250000000000000000e+00 1.550000000000000000e+02 5.597466679235817491e-05
7.250000000000000000e+00 1.650000000000000000e+02 6.414664520122512953e-06
7.750000000000000000e+00 5.000000000000000000e+00 1.751332457009914913e-03
7.750000000000000000e+00 1.500000000000000000e+01 3.490504706499878741e-03
7.750000000000000000e+00 2.500000000000000000e+01 3.612268046622664572e-03
7.750000000000000000e+00 3.500000000000000000e+01 2.404796303308395604e-03
7.750000000000000000e+00 4.500000000000000000e+01 1.589468918753195832e-03
7.750000000000000000e+00 5.500000000000000000e+01 7.128803067571469650e-04
7.750000000000000000e+00 6.500000000000000000e+01 4.466303610373204805e-04
7.750000000000000000e+00 7.500000000000000000e+01 2.944499520284444812e-04
7.750000000000000000e+00 8.500000000000000000e+01 2.484608430997206695e-04
7.750000000000000000e+00 9.500000000000000000e+01 2.161907361071347213e-04
7.750000000000000000e+00 1.050000000000000000e+02 2.194329538180698103e-04
7.750000000000000000e+00 1.150000000000000000e+02 1.728412935551166781e-04
7.750000000000000000e+00 1.250000000000000000e+02 1.878800629759833118e-04
7.750000000000000000e+00 1.350000000000000000e+02 1.322344964429887496e-04
7.750000000000000000e+00 1.450000000000000000e+02 1.260276791737331410e-04
7.750000000000000000e+00 1.550000000000000000e+02 8.753244597352839913e-05
7.750000000000000000e+00 1.650000000000000000e+02 5.034261727891604492e-05
7.750000000000000000e+00 1.750000000000000000e+02 7.930074858847861938e-06
8.250000000000000000e+00 4.500000000000000000e+01 3.289530328420940816e-05
8.250000000000000000e+00 5.500000000000000000e+01 8.554751861388139886e-05
8.250000000000000000e+00 6.500000000000000000e+01 1.154490767898905257e-04
8.250000000000000000e+00 7.500000000000000000e+01 8.461793737743430641e-05
8.250000000000000000e+00 8.500000000000000000e+01 6.435696339826100663e-05
8.250000000000000000e+00 9.500000000000000000e+01 4.308174152647556795e-05
8.250000000000000000e+00 1.050000000000000000e+02 3.018424359510286754e-05
8.250000000000000000e+00 1.150000000000000000e+02 4.000421756322696762e-05
8.250000000000000000e+00 1.250000000000000000e+02 3.278435456103269093e-05
8.250000000000000000e+00 1.350000000000000000e+02 2.768290926967455857e-05
8.250000000000000000e+00 1.450000000000000000e+02 2.024962807000063911e-05
8.250000000000000000e+00 1.550000000000000000e+02 1.218079017199374958e-05
8.250000000000000000e+00 1.650000000000000000e+02 1.160698342470286456e-05
8.250000000000000000e+00 1.750000000000000000e+02 8.030774028706364980e-06
8.250000000000000000e+00 1.850000000000000000e+02 1.312837539415823153e-06
