6.250000000000000000e+00 5.000000000000000000e+00 7.331068802547863195e-02
6.250000000000000000e+00 1.500000000000000000e+01 1.263266644018426754e-01
6.750000000000000000e+00 5.000000000000000000e+00 1.141314831802634072e-01
6.750000000000000000e+00 1.500000000000000000e+01 1.447849899958456310e-01
6.750000000000000000e+00 2.500000000000000000e+01 1.945007666598271056e-03
7.250000000000000000e+00 5.000000000000000000e+00 2.049889816044347668e-01
7.250000000000000000e+00 1.500000000000000000e+01 2.034389922408978701e-01
7.250000000000000000e+00 2.500000000000000000e+01 3.308785357866510235e-02
7.750000000000000000e+00 5.000000000000000000e+00 3.026080765524172614e-02
7.750000000000000000e+00 1.500000000000000000e+01 3.979669614229238567e-02
7.750000000000000000e+00 2.500000000000000000e+01 2.768003535889437469e-02
7.750000000000000000e+00 3.500000000000000000e+01 2.478001495452124281e-04
