5.250000000000000000e+00 1.500000000000000000e+01 9.996785076170100828e-03
5.750000000000000000e+00 1.500000000000000000e+01 9.843532391344429755e-02
5.750000000000000000e+00 2.500000000000000000e+01 2.196585921045718023e-03
6.250000000000000000e+00 5.000000000000000000e+00 9.275163503869165993e-02
6.250000000000000000e+00 1.500000000000000000e+01 2.760478499892538573e-01
6.250000000000000000e+00 2.500000000000000000e+01 4.211725440059475162e-02
6.250000000000000000e+00 3.500000000000000000e+01 5.800675525408270639e-03
6.250000000000000000e+00 4.500000000000000000e+01 5.179733121228287992e-04
6.250000000000000000e+00 5.500000000000000000e+01 4.341327190208770859e-07
6.750000000000000000e+00 5.000000000000000000e+00 6.537615387860440386e-02
6.750000000000000000e+00 1.500000000000000000e+01 1.166526792197155049e-01
6.750000000000000000e+00 2.500000000000000000e+01 3.692804952842412142e-02
6.750000000000000000e+00 3.500000000000000000e+01 7.110008384524462745e-03
6.750000000000000000e+00 4.500000000000000000e+01 1.774282797349409661e-03
6.750000000000000000e+00 5.500000000000000000e+01 2.312367946987969284e-04
6.750000000000000000e+00 6.500000000000000000e+01 1.147809789457683498e-05
7.250000000000000000e+00 5.000000000000000000e+00 6.842454343746699752e-02
7.250000000000000000e+00 1.500000000000000000e+01 8.705107829416575127e-02
7.250000000000000000e+00 2.500000000000000000e+01 4.544909370865492931e-02
7.250000000000000000e+00 3.500000000000000000e+01 1.099952128969910493e-02
7.250000000000000000e+00 4.500000000000000000e+01 3.892730995354664637e-03
7.250000000000000000e+00 5.500000000000000000e+01 1.027623428653769459e-03
7.250000000000000000e+00 6.500000000000000000e+01 2.770079354268275900e-04
7.250000000000000000e+00 7.500000000000000000e+01 4.893240213996891288e-05
7.250000000000000000e+00 8.500000000000000000e+01 7.189568899037474114e-06
7.250000000000000000e+00 9.500000000000000000e+01 2.377427203606308982e-07
7.750000000000000000e+00 5.000000000000000000e+00 5.732824873276662000e-03
7.750000000000000000e+00 1.500000000000000000e+01 9.046459111307568815e-03
7.750000000000000000e+00 2.500000000000000000e+01 7.859403839171491893e-03
7.750000000000000000e+00 3.500000000000000000e+01 2.613621380307036297e-03
7.750000000000000000e+00 4.500000000000000000e+01 9.025162422481340044e-04
7.750000000000000000e+00 5.500000000000000000e+01 2.657641874252633369e-04
7.750000000000000000e+00 6.500000000000000000e+01 1.109664029521602806e-04
7.750000000000000000e+00 7.500000000000000000e+01 5.237093034052637999e-05
7.750000000000000000e+00 8.500000000000000000e+01 3.013964356157181518e-05
7.750000000000000000e+00 9.500000000000000000e+01 1.502905545699525441e-05
7.750000000000000000e+00 1.050000000000000000e+02 6.113310263790302963e-06
7.750000000000000000e+00 1.150000000000000000e+02 1.760785248084416362e-06
7.750000000000000000e+00 1.250000000000000000e+02 2.779516733789357777e-08
8.250000000000000000e+00 4.500000000000000000e+01 3.071133930204702117e-05
8.250000000000000000e+00 5.500000000000000000e+01 6.368232725867425232e-05
8.250000000000000000e+00 6.500000000000000000e+01 6.364853811770191229e-05
8.250000000000000000e+00 7.500000000000000000e+01 3.541229459077623097e-05
8.250000000000000000e+00 8.500000000000000000e+01 1.953026309241030908e-05
8.250000000000000000e+00 9.500000000000000000e+01 9.431569064905210613e-06
8.250000000000000000e+00 1.050000000000000000e+02 4.782934817720387934e-06
8.250000000000000000e+00 1.150000000000000000e+02 4.515807230346256268e-06
8.250000000000000000e+00 1.250000000000000000e+02 2.369174267485787000e-06
8.250000000000000000e+00 1.350000000000000000e+02 1.447502661582289758e-06
8.250000000000000000e+00 1.450000000000000000e+02 6.632767185822438836e-07
8.250000000000000000e+00 1.550000000000000000e+02 2.569228502610945863e-07
8.250000000000000000e+00 1.650000000000000000e+02 1.573339564913866267e-07
8.250000000000000000e+00 1.750000000000000000e+02 2.834550124486241944e-08
