5.250000000000000000e+00 1.500000000000000000e+01 2.575593126022122578e-02
5.250000000000000000e+00 2.500000000000000000e+01 4.217244688144976831e-05
5.750000000000000000e+00 1.500000000000000000e+01 1.286728108405795767e-01
5.750000000000000000e+00 2.500000000000000000e+01 9.047760858129935344e-03
5.750000000000000000e+00 3.500000000000000000e+01 2.544289829486682717e-04
6.250000000000000000e+00 5.000000000000000000e+00 7.170872069297104523e-02
6.250000000000000000e+00 1.500000000000000000e+01 2.570681443851973169e-01
6.250000000000000000e+00 2.500000000000000000e+01 7.062385100389859116e-02
6.250000000000000000e+00 3.500000000000000000e+01 1.924747641933048647e-02
6.250000000000000000e+00 4.500000000000000000e+01 5.369004154796007747e-03
6.250000000000000000e+00 5.500000000000000000e+01 9.867161010644704897e-04
6.250000000000000000e+00 6.500000000000000000e+01 1.174191653453852735e-04
6.250000000000000000e+00 7.500000000000000000e+01 1.279680257531515994e-06
6.750000000000000000e+00 5.000000000000000000e+00 4.537576238049740446e-02
6.750000000000000000e+00 1.500000000000000000e+01 9.375245052239879195e-02
6.750000000000000000e+00 2.500000000000000000e+01 4.564874594879559516e-02
6.750000000000000000e+00 3.500000000000000000e+01 1.448577531657435115e-02
6.750000000000000000e+00 4.500000000000000000e+01 5.986685154469945785e-03
6.750000000000000000e+00 5.500000000000000000e+01 2.096322303925026928e-03
6.750000000000000000e+00 6.500000000000000000e+01 6.760794032085280921e-04
6.750000000000000000e+00 7.500000000000000000e+01 1.581350877294929983e-04
6.750000000000000000e+00 8.500000000000000000e+01 2.060311479652815133e-05
7.250000000000000000e+00 5.000000000000000000e+00 4.384521957040166812e-02
7.250000000000000000e+00 1.500000000000000000e+01 6.395486552297841021e-02
7.250000000000000000e+00 2.500000000000000000e+01 4.438739341643364172e-02
7.250000000000000000e+00 3.500000000000000000e+01 1.656327285773083122e-02
7.250000000000000000e+00 4.500000000000000000e+01 7.930255944942817339e-03
7.250000000000000000e+00 5.500000000000000000e+01 3.026221530315263870e-03
7.250000000000000000e+00 6.500000000000000000e+01 1.435156582377088326e-03
7.250000000000000000e+00 7.500000000000000000e+01 5.976312385049692985e-04
7.250000000000000000e+00 8.500000000000000000e+01 2.534709383514930216e-04
7.250000000000000000e+00 9.500000000000000000e+01 8.610468712499465326e-05
7.250000000000000000e+00 1.050000000000000000e+02 2.588331868492518912e-05
7.250000000000000000e+00 1.150000000000000000e+02 1.254825575685796879e-05
7.250000000000000000e+00 1.250000000000000000e+02 4.645928589698070460e-06
7.250000000000000000e+00 1.350000000000000000e+02 1.073331863452101319e-06
7.750000000000000000e+00 5.000000000000000000e+00 3.378599700792304320e-03
7.750000000000000000e+00 1.500000000000000000e+01 5.977506638761633483e-03
7.750000000000000000e+00 2.500000000000000000e+01 5.627184131407538849e-03
7.750000000000000000e+00 3.500000000000000000e+01 2.743704729978924985e-03
7.750000000000000000e+00 4.500000000000000000e+01 1.332886629606666422e-03
7.750000000000000000e+00 5.500000000000000000e+01 4.906103051489503182e-04
7.750000000000000000e+00 6.500000000000000000e+01 2.583729816069099444e-04
7.750000000000000000e+00 7.500000000000000000e+01 1.512791232739597652e-04
7.750000000000000000e+00 8.500000000000000000e+01 1.144332557965940778e-04
7.750000000000000000e+00 9.500000000000000000e+01 8.653575218680437629e-05
7.750000000000000000e+00 1.050000000000000000e+02 7.230199231428793426e-05
7.750000000000000000e+00 1.150000000000000000e+02 4.663668436288795908e-05
7.750000000000000000e+00 1.250000000000000000e+02 3.735987406492554644e-05
7.750000000000000000e+00 1.350000000000000000e+02 2.195097748157290887e-05
7.750000000000000000e+00 1.450000000000000000e+02 1.628605139256474025e-05
7.750000000000000000e+00 1.550000000000000000e+02 6.747904861658126777e-06
7.750000000000000000e+00 1.650000000000000000e+02 2.704721858929554291e-06
7.750000000000000000e+00 1.750000000000000000e+02 9.883894050993721424e-07
8.250000000000000000e+00 4.500000000000000000e+01 3.559563420824994986e-05
8.250000000000000000e+00 5.500000000000000000e+01 8.271340259587690283e-05
8.250000000000000000e+00 6.500000000000000000e+01 9.594546484333045749e-05
8.250000000000000000e+00 7.500000000000000000e+01 6.161124053448956009e-05
8.250000000000000000e+00 8.500000000000000000e+01 4.046714681210724116e-05
8.250000000000000000e+00 9.500000000000000000e+01 2.376657459581315573e-05
8.250000000000000000e+00 1.050000000000000000e+02 1.497107112525364728e-05
8.250000000000000000e+00 1.150000000000000000e+02 1.806080598372422603e-05
8.250000000000000000e+00 1.250000000000000000e+02 1.333049680598321959e-05
8.250000000000000000e+00 1.350000000000000000e+02 1.063060465530764148e-05
8.250000000000000000e+00 1.450000000000000000e+02 7.082567363690424226e-06
8.250000000000000000e+00 1.550000000000000000e+02 3.863024940398111789e-06
8.250000000000000000e+00 1.650000000000000000e+02 3.418564636755693800e-06
8.250000000000000000e+00 1.750000000000000000e+02 2.053107737875379635e-06
8.250000000000000000e+00 1.850000000000000000e+02 3.821007851705183755e-07
