5.250000000000000000e+00 1.500000000000000000e+01 2.194191440135290355e-05
5.750000000000000000e+00 1.500000000000000000e+01 3.731100204014396043e-02
6.250000000000000000e+00 5.000000000000000000e+00 1.087558135004298016e-01
6.250000000000000000e+00 1.500000000000000000e+01 2.418854619877304768e-01
6.250000000000000000e+00 2.500000000000000000e+01 6.556897453479202005e-03
6.250000000000000000e+00 3.500000000000000000e+01 3.273211010143221284e-07
6.750000000000000000e+00 5.000000000000000000e+00 9.907753618890435821e-02
6.750000000000000000e+00 1.500000000000000000e+01 1.436050499762147881e-01
6.750000000000000000e+00 2.500000000000000000e+01 1.574364136437569200e-02
6.750000000000000000e+00 3.500000000000000000e+01 1.158413223556704408e-04
7.250000000000000000e+00 5.000000000000000000e+00 1.256266661540695329e-01
7.250000000000000000e+00 1.500000000000000000e+01 1.336596217543249143e-01
7.250000000000000000e+00 2.500000000000000000e+01 3.932343200529229282e-02
7.250000000000000000e+00 3.500000000000000000e+01 1.955260065065726142e-03
7.250000000000000000e+00 4.500000000000000000e+01 7.376483518784628460e-05
7.250000000000000000e+00 5.500000000000000000e+01 5.011869605890687591e-08
7.750000000000000000e+00 5.000000000000000000e+00 1.305273077362272341e-02
7.750000000000000000e+00 1.500000000000000000e+01 1.773245865696302520e-02
7.750000000000000000e+00 2.500000000000000000e+01 1.367831243581633591e-02
7.750000000000000000e+00 3.500000000000000000e+01 1.615602114384377458e-03
7.750000000000000000e+00 4.500000000000000000e+01 1.592390277854934541e-04
7.750000000000000000e+00 5.500000000000000000e+01 7.918921949488619852e-06
7.750000000000000000e+00 6.500000000000000000e+01 2.093915573841726743e-07
8.250000000000000000e+00 4.500000000000000000e+01 1.278947339879764115e-05
8.250000000000000000e+00 5.500000000000000000e+01 1.844132742333635339e-05
8.250000000000000000e+00 6.500000000000000000e+01 8.946898057522852994e-06
8.250000000000000000e+00 7.500000000000000000e+01 1.042977268902144222e-06
