2.4500e-03
2.4439e-03
2.4374e-03
2.4307e-03
2.4237e-03
2.4165e-03
2.4092e-03
2.4019e-03
2.3947e-03
2.3878e-03
2.3808e-03
2.3739e-03
2.3670e-03
2.3600e-03
2.3532e-03
2.3467e-03
2.3408e-03
2.3352e-03
2.3294e-03
2.3218e-03
2.3110e-03
2.2964e-03
2.2789e-03
2.2609e-03
2.2446e-03
2.2314e-03
2.2211e-03
2.2126e-03
2.2042e-03
2.1944e-03
2.1818e-03
2.1665e-03
2.1506e-03
2.1368e-03
2.1263e-03
2.1178e-03
2.1084e-03
2.0952e-03
2.0778e-03
2.0568e-03
2.0314e-03
2.0010e-03
1.9691e-03
1.9401e-03
1.9154e-03
1.8956e-03
1.8819e-03
1.8753e-03
1.8760e-03
1.8834e-03
1.8955e-03
1.9107e-03
1.9294e-03
1.9523e-03
1.9728e-03
1.9819e-03
1.9765e-03
1.9606e-03
1.9412e-03
1.9204e-03
1.8944e-03
1.8594e-03
1.8126e-03
1.7527e-03
1.6809e-03
1.6021e-03
1.5245e-03
1.4561e-03
1.3987e-03
1.3514e-03
1.3146e-03
1.2900e-03
1.2785e-03
1.2792e-03
1.2848e-03
1.2802e-03
1.2581e-03
1.2290e-03
1.2018e-03
1.1749e-03
1.1451e-03
1.1092e-03
1.0645e-03
1.0087e-03
9.4153e-04
8.6606e-04
7.8930e-04
7.2252e-04
6.7954e-04
6.7174e-04
6.9838e-04
7.4695e-04
8.1031e-04
8.8849e-04
9.7531e-04
1.0563e-03
1.1107e-03
1.1165e-03
1.0642e-03
9.8036e-04
9.0605e-04
8.4575e-04
7.7936e-04
6.9376e-04
5.9401e-04
4.9693e-04
4.0682e-04
3.1625e-04
2.2229e-04
1.2875e-04
4.4796e-05
-1.5685e-05
-3.6728e-05
-5.9888e-06
7.1933e-05
1.6638e-04
2.4250e-04
2.8095e-04
2.6942e-04
2.0610e-04
1.1516e-04
2.8349e-05
-4.3687e-05
-1.0232e-04
-1.4891e-04
-1.8597e-04
-2.1806e-04
-2.5078e-04
-2.8918e-04
-3.3635e-04
-3.9192e-04
-4.5132e-04
-5.0565e-04
-5.4248e-04
-5.4784e-04
-5.0913e-04
-4.1904e-04
-2.7973e-04
-1.0654e-04
7.0089e-05
2.0678e-04
2.5888e-04
2.0502e-04
5.8461e-05
-1.4812e-04
-3.7030e-04
-5.5804e-04
-6.7698e-04
-7.2503e-04
-7.1853e-04
-6.8079e-04
-6.4211e-04
-6.3604e-04
-6.8693e-04
-7.8793e-04
-9.0188e-04
-1.0064e-03
-1.1058e-03
-1.2048e-03
-1.3041e-03
-1.4035e-03
-1.5009e-03
-1.5916e-03
-1.6680e-03
-1.7214e-03
-1.7505e-03
-1.7803e-03
-1.8608e-03
-2.0149e-03
-2.2160e-03
-2.4144e-03
-2.5490e-03
-2.5609e-03
-2.4265e-03
-2.1769e-03
-1.8764e-03
-1.5934e-03
-1.3712e-03
-1.2365e-03
-1.2108e-03
-1.2837e-03
-1.4193e-03
-1.6134e-03
-1.8956e-03
-2.2896e-03
-2.8006e-03
-3.4101e-03
-4.0698e-03
-4.7149e-03
-5.2982e-03
-5.7998e-03
-6.2195e-03
-6.5522e-03
-6.7698e-03
-6.8288e-03
-6.6987e-03
-6.3950e-03
-5.9479e-03
-5.3626e-03
-4.6558e-03
-3.8867e-03
-3.1516e-03
-2.5367e-03
-2.0566e-03
-1.6941e-03
-1.4542e-03
-1.3567e-03
-1.4067e-03
-1.5561e-03
-1.7196e-03
-1.8242e-03
-1.8468e-03
-1.8224e-03
-1.8094e-03
-1.8480e-03
-1.9312e-03
-2.0465e-03
-2.2224e-03
-2.4902e-03
-2.8321e-03
-3.1514e-03
-3.3203e-03
-3.2696e-03
-3.0077e-03
-2.5893e-03
-2.0530e-03
-1.4217e-03
-7.3659e-04
-3.2581e-05
6.7544e-04
1.3583e-03
1.9780e-03
2.5210e-03
2.9767e-03
3.3237e-03
3.5680e-03
3.7410e-03
3.8562e-03
3.9046e-03
3.8631e-03
3.6997e-03
3.3842e-03
2.9018e-03
2.2671e-03
1.5351e-03
8.0067e-04
1.5442e-04
-3.8328e-04
-7.9385e-04
-9.8698e-04
-8.9761e-04
-5.6044e-04
-8.6969e-05
4.1779e-04
9.2262e-04
1.3797e-03
1.6904e-03
1.8004e-03
1.7313e-03
1.5388e-03
1.2218e-03
7.3343e-04
1.4016e-04
-4.0832e-04
-8.4107e-04
-1.2111e-03
-1.6468e-03
-2.2240e-03
-2.9288e-03
-3.6941e-03
-4.4061e-03
-4.9445e-03
-5.2713e-03
-5.4298e-03
-5.4639e-03
-5.4127e-03
-5.3213e-03
-5.2352e-03
-5.1937e-03
-5.2123e-03
-5.2524e-03
-5.2248e-03
-5.0719e-03
-4.7993e-03
-4.4389e-03
-4.0410e-03
-3.6622e-03
-3.3241e-03
-3.0085e-03
-2.6989e-03
-2.3869e-03
-2.0549e-03
-1.6481e-03
-1.0859e-03
-3.3089e-04
5.5876e-04
1.4282e-03
2.1283e-03
2.5683e-03
2.6592e-03
2.3383e-03
1.6302e-03
6.3649e-04
-5.0378e-04
-1.6533e-03
-2.6936e-03
-3.5327e-03
-4.1125e-03
-4.4010e-03
-4.3629e-03
-3.9604e-03
-3.1862e-03
-2.1133e-03
-9.0216e-04
2.7776e-04
1.3130e-03
2.1761e-03
2.8744e-03
3.4046e-03
3.7878e-03
4.0696e-03
4.2693e-03
4.3783e-03
4.3857e-03
4.3173e-03
4.2092e-03
4.0314e-03
3.7222e-03
3.2607e-03
2.7111e-03
2.1893e-03
1.7673e-03
1.4555e-03
1.2240e-03
1.0383e-03
8.7734e-04
7.3527e-04
6.2475e-04
5.7832e-04
6.4517e-04
8.8166e-04
1.3364e-03
2.0313e-03
2.9418e-03
3.9816e-03
5.0010e-03
5.8224e-03
6.3287e-03
6.5259e-03
6.5175e-03
6.4621e-03
6.5140e-03
6.7663e-03
7.2281e-03
7.8535e-03
8.5749e-03
9.3256e-03
1.0016e-02
1.0534e-02
1.0796e-02
1.0758e-02
1.0396e-02
9.7561e-03
8.9428e-03
8.0291e-03
7.0115e-03
5.8391e-03
4.5500e-03
3.3138e-03
2.3002e-03
1.5875e-03
1.1366e-03
8.6860e-04
7.2754e-04
6.7675e-04
6.9545e-04
7.7840e-04
9.3267e-04
1.1694e-03
1.4933e-03
1.8906e-03
2.3211e-03
2.7167e-03
3.0083e-03
3.1686e-03
3.1988e-03
3.0977e-03
2.8670e-03
2.5217e-03
2.0952e-03
1.6392e-03
1.2065e-03
8.1383e-04
4.4495e-04
9.9366e-05
-1.9737e-04
-4.0005e-04
-4.5262e-04
-3.2378e-04
-5.4836e-05
2.6186e-04
5.3885e-04
7.3778e-04
8.6813e-04
9.4636e-04
9.9322e-04
1.0395e-03
1.1239e-03
1.2915e-03
1.5982e-03
2.1279e-03
2.9693e-03
4.1226e-03
5.4949e-03
6.9796e-03
8.4625e-03
9.8141e-03
1.0902e-02
1.1610e-02
1.1865e-02
1.1648e-02
1.0995e-02
9.9788e-03
8.7075e-03
7.3066e-03
5.8544e-03
4.3412e-03
2.7250e-03
9.7406e-04
-9.1047e-04
-2.8486e-03
-4.6792e-03
-6.2492e-03
-7.4909e-03
-8.4437e-03
-9.1520e-03
-9.5977e-03
-9.8126e-03
-9.8809e-03
-9.8189e-03
-9.6194e-03
-9.3068e-03
-8.8784e-03
-8.3179e-03
-7.6821e-03
-7.0586e-03
-6.4881e-03
-5.9608e-03
-5.4439e-03
-4.9190e-03
-4.3683e-03
-3.7760e-03
-3.2028e-03
-2.7823e-03
-2.6169e-03
-2.7397e-03
-3.1186e-03
-3.6811e-03
-4.3501e-03
-5.0775e-03
-5.8251e-03
-6.5417e-03
-7.1981e-03
-7.7939e-03
-8.3219e-03
-8.7846e-03
-9.2209e-03
-9.6726e-03
-1.0172e-02
-1.0763e-02
-1.1448e-02
-1.2128e-02
-1.2675e-02
-1.2997e-02
-1.3046e-02
-1.2800e-02
-1.2240e-02
-1.1377e-02
-1.0266e-02
-8.9963e-03
-7.6367e-03
-6.1719e-03
-4.5418e-03
-2.7123e-03
-7.2486e-04
1.3294e-03
3.3709e-03
5.3045e-03
7.0108e-03
8.3974e-03
9.4086e-03
1.0004e-02
1.0181e-02
9.9981e-03
9.5813e-03
9.0747e-03
8.5548e-03
8.0250e-03
7.4644e-03
6.9039e-03
6.4073e-03
5.9799e-03
5.5606e-03
5.0544e-03
4.3833e-03
3.5191e-03
2.4963e-03
1.4160e-03
4.0917e-04
-4.4451e-04
-1.1156e-03
-1.5562e-03
-1.7341e-03
-1.6693e-03
-1.4068e-03
-1.0031e-03
-5.3221e-04
-8.4725e-05
2.5489e-04
4.5203e-04
5.2273e-04
4.8989e-04
3.7808e-04
2.1834e-04
4.6315e-05
-9.9928e-05
-1.8421e-04
-1.8050e-04
-9.6079e-05
-6.0359e-06
-1.5023e-05
-1.6587e-04
-4.4955e-04
-8.3711e-04
-1.2804e-03
-1.7358e-03
-2.2000e-03
-2.6830e-03
-3.1753e-03
-3.6516e-03
-4.0996e-03
-4.5494e-03
-5.0405e-03
-5.5829e-03
-6.1581e-03
-6.7437e-03
-7.3409e-03
-7.9419e-03
-8.5000e-03
-8.9456e-03
-9.2481e-03
-9.4660e-03
-9.6528e-03
-9.7857e-03
-9.8093e-03
-9.6656e-03
-9.3176e-03
-8.7952e-03
-8.1931e-03
-7.5980e-03
-7.0859e-03
-6.7456e-03
-6.6355e-03
-6.7591e-03
-7.0945e-03
-7.5957e-03
-8.1835e-03
-8.7476e-03
-9.1743e-03
-9.3964e-03
-9.3910e-03
-9.1656e-03
-8.7923e-03
-8.3739e-03
-7.9422e-03
-7.5344e-03
-7.2849e-03
-7.2797e-03
-7.4804e-03
-7.8076e-03
-8.1653e-03
-8.4520e-03
-8.6025e-03
-8.6018e-03
-8.4606e-03
-8.2093e-03
-7.8958e-03
-7.5775e-03
-7.2914e-03
-7.0119e-03
-6.6755e-03
-6.2289e-03
-5.6460e-03
-4.9448e-03
-4.1962e-03
-3.4853e-03
-2.8783e-03
-2.4548e-03
-2.2976e-03
-2.4343e-03
-2.8430e-03
-3.4738e-03
-4.2428e-03
-5.0481e-03
-5.8058e-03
-6.4296e-03
-6.8212e-03
-6.9185e-03
-6.7057e-03
-6.1827e-03
-5.3751e-03
-4.3534e-03
-3.2376e-03
-2.1723e-03
-1.2747e-03
-6.1640e-04
-2.1407e-04
-2.1139e-05
5.0586e-05
8.5384e-05
1.5147e-04
2.9522e-04
5.3035e-04
8.3011e-04
1.1247e-03
1.3059e-03
1.2425e-03
8.0873e-04
-6.0345e-05
-1.3185e-03
-2.8434e-03
-4.4718e-03
-5.9772e-03
-7.1482e-03
-7.9253e-03
-8.3701e-03
-8.5855e-03
-8.6707e-03
-8.6799e-03
-8.5997e-03
-8.4117e-03
-8.1424e-03
-7.8285e-03
-7.4828e-03
-7.0874e-03
-6.6630e-03
-6.2973e-03
-6.0656e-03
-6.0079e-03
-6.1512e-03
-6.4722e-03
-6.8913e-03
-7.3447e-03
-7.7918e-03
-8.1714e-03
-8.4057e-03
-8.4356e-03
-8.2701e-03
-7.9843e-03
-7.6754e-03
-7.4470e-03
-7.3807e-03
-7.4801e-03
-7.6684e-03
-7.8286e-03
-7.8164e-03
-7.4769e-03
-6.6828e-03
-5.3962e-03
-3.7227e-03
-1.8650e-03
-4.3543e-05
1.5555e-03
2.7908e-03
3.5634e-03
3.8710e-03
3.8236e-03
3.5673e-03
3.2269e-03
2.8850e-03
2.6352e-03
2.5964e-03
2.8236e-03
3.2858e-03
3.9055e-03
4.5656e-03
5.1301e-03
5.4929e-03
5.5864e-03
5.3660e-03
4.8509e-03
4.1321e-03
3.3003e-03
2.4368e-03
1.6444e-03
1.0090e-03
5.5603e-04
2.4582e-04
2.1663e-06
-2.3959e-04
-5.1848e-04
-8.4275e-04
-1.1827e-03
-1.4734e-03
-1.6350e-03
-1.6205e-03
-1.4425e-03
-1.1465e-03
-7.9726e-04
-4.6785e-04
-2.0204e-04
3.6713e-06
1.6589e-04
2.9712e-04
4.0751e-04
5.0296e-04
5.8461e-04
6.5310e-04
7.3209e-04
8.8522e-04
1.1503e-03
1.4827e-03
1.7889e-03
1.9765e-03
1.9983e-03
1.8449e-03
1.5136e-03
1.0121e-03
3.5167e-04
-4.8020e-04
-1.5038e-03
-2.6891e-03
-3.9398e-03
-5.1188e-03
-6.1199e-03
-6.9122e-03
-7.5109e-03
-7.9424e-03
-8.2154e-03
-8.3444e-03
-8.3649e-03
-8.2741e-03
-8.0245e-03
-7.6072e-03
-7.0509e-03
-6.3531e-03
-5.5141e-03
-4.5931e-03
-3.7130e-03
-3.0327e-03
-2.6880e-03
-2.7503e-03
-3.1989e-03
-3.9039e-03
-4.6605e-03
-5.2980e-03
-5.7170e-03
-5.8305e-03
-5.5838e-03
-5.0090e-03
-4.2023e-03
-3.2603e-03
-2.2080e-03
-1.0109e-03
3.2909e-04
1.7417e-03
3.1110e-03
4.3366e-03
5.3789e-03
6.2310e-03
6.9054e-03
7.4346e-03
7.8487e-03
8.1414e-03
8.2778e-03
8.2277e-03
8.0183e-03
7.7378e-03
7.4881e-03
7.3486e-03
7.3546e-03
7.5228e-03
7.8896e-03
8.5294e-03
9.5010e-03
1.0754e-02
1.2162e-02
1.3587e-02
1.4889e-02
1.5948e-02
1.6709e-02
1.7159e-02
1.7250e-02
1.6916e-02
1.6112e-02
1.4874e-02
1.3321e-02
1.1583e-02
9.7645e-03
7.9405e-03
6.2085e-03
4.7018e-03
3.4772e-03
2.5073e-03
1.7944e-03
1.3636e-03
1.1998e-03
1.2349e-03
1.3764e-03
1.5697e-03
1.7849e-03
1.9394e-03
1.9392e-03
1.7571e-03
1.4144e-03
9.5490e-04
4.4481e-04
-4.8088e-05
-4.9447e-04
-8.8321e-04
-1.1850e-03
-1.3570e-03
-1.3694e-03
-1.2450e-03
-1.0364e-03
-7.5720e-04
-4.2482e-04
-1.2009e-04
7.2556e-05
1.1712e-04
1.7106e-06
-2.5724e-04
-5.8623e-04
-9.2365e-04
-1.3104e-03
-1.8092e-03
-2.4321e-03
-3.1974e-03
-4.1443e-03
-5.2777e-03
-6.5667e-03
-7.9738e-03
-9.4452e-03
-1.0888e-02
-1.2156e-02
-1.3111e-02
-1.3751e-02
-1.4182e-02
-1.4468e-02
-1.4617e-02
-1.4606e-02
-1.4385e-02
-1.3879e-02
-1.3022e-02
-1.1774e-02
-1.0153e-02
-8.2314e-03
-6.1272e-03
-4.0058e-03
-2.0644e-03
-4.7178e-04
6.9137e-04
1.4695e-03
1.9456e-03
2.1240e-03
1.9909e-03
1.5793e-03
9.4635e-04
1.6475e-04
-6.6984e-04
-1.4568e-03
-2.1208e-03
-2.6000e-03
-2.8563e-03
-2.9437e-03
-2.9934e-03
-3.0968e-03
-3.2930e-03
-3.6127e-03
-4.0811e-03
-4.7267e-03
-5.6132e-03
-6.8511e-03
-8.5699e-03
-1.0856e-02
-1.3676e-02
-1.6865e-02
-2.0165e-02
-2.3291e-02
-2.5988e-02
-2.8056e-02
-2.9361e-02
-2.9824e-02
-2.9425e-02
-2.8202e-02
-2.6248e-02
-2.3701e-02
-2.0728e-02
-1.7482e-02
-1.4045e-02
-1.0457e-02
-6.7855e-03
-3.1293e-03
4.2011e-04
3.8734e-03
7.2996e-03
1.0649e-02
1.3739e-02
1.6339e-02
1.8262e-02
1.9416e-02
1.9746e-02
1.9244e-02
1.8010e-02
1.6205e-02
1.3916e-02
1.1189e-02
8.0892e-03
4.6870e-03
1.0403e-03
-2.8056e-03
-6.7511e-03
-1.0574e-02
-1.4018e-02
-1.6887e-02
-1.9044e-02
-2.0401e-02
-2.0919e-02
-2.0645e-02
-1.9689e-02
-1.8125e-02
-1.5994e-02
-1.3446e-02
-1.0717e-02
-8.0054e-03
-5.4223e-03
-2.9979e-03
-7.2105e-04
1.4153e-03
3.3777e-03
5.1179e-03
6.6022e-03
7.7943e-03
8.6716e-03
9.2774e-03
9.6956e-03
9.9952e-03
1.0256e-02
1.0563e-02
1.0927e-02
1.1300e-02
1.1656e-02
1.1974e-02
1.2203e-02
1.2277e-02
1.2147e-02
1.1828e-02
1.1356e-02
1.0739e-02
9.9869e-03
9.1578e-03
8.3506e-03
7.6756e-03
7.2026e-03
6.9470e-03
6.8810e-03
6.9653e-03
7.1651e-03
7.4491e-03
7.7926e-03
8.1929e-03
8.6998e-03
9.4077e-03
1.0393e-02
1.1677e-02
1.3213e-02
1.4899e-02
1.6597e-02
1.8139e-02
1.9362e-02
2.0164e-02
2.0508e-02
2.0387e-02
1.9811e-02
1.8804e-02
1.7421e-02
1.5736e-02
1.3819e-02
1.1752e-02
9.6405e-03
7.6100e-03
5.7613e-03
4.1029e-03
2.6260e-03
1.3747e-03
3.7152e-04
-4.1907e-04
-1.0444e-03
-1.5294e-03
-1.8602e-03
-2.0171e-03
-1.9766e-03
-1.6555e-03
-9.5608e-04
1.2290e-04
1.4824e-03
2.9775e-03
4.4813e-03
5.8962e-03
7.1050e-03
7.9468e-03
8.2358e-03
7.8576e-03
6.8205e-03
5.2049e-03
3.1380e-03
7.7850e-04
-1.6809e-03
-4.0455e-03
-6.1998e-03
-8.1064e-03
-9.7227e-03
-1.1002e-02
-1.1934e-02
-1.2600e-02
-1.3180e-02
-1.3906e-02
-1.4999e-02
-1.6579e-02
-1.8605e-02
-2.0910e-02
-2.3352e-02
-2.5808e-02
-2.8112e-02
-3.0122e-02
-3.1726e-02
-3.2744e-02
-3.2942e-02
-3.2135e-02
-3.0286e-02
-2.7532e-02
-2.4111e-02
-2.0317e-02
-1.6445e-02
-1.2727e-02
-9.2733e-03
-6.0988e-03
-3.1726e-03
-4.7144e-04
1.9865e-03
4.1634e-03
6.1103e-03
7.9733e-03
9.8568e-03
1.1784e-02
1.3689e-02
1.5392e-02
1.6663e-02
1.7368e-02
1.7498e-02
1.7106e-02
1.6293e-02
1.5215e-02
1.4069e-02
1.3042e-02
1.2232e-02
1.1687e-02
1.1438e-02
1.1450e-02
1.1614e-02
1.1800e-02
1.1863e-02
1.1652e-02
1.1038e-02
9.9380e-03
8.3448e-03
6.3534e-03
4.1461e-03
1.9259e-03
-1.1401e-04
-1.7803e-03
-2.9489e-03
-3.6284e-03
-3.8847e-03
-3.7982e-03
-3.5086e-03
-3.1996e-03
-3.0299e-03
-3.0767e-03
-3.3146e-03
-3.6434e-03
-3.9061e-03
-3.9091e-03
-3.4758e-03
-2.4722e-03
-7.7405e-04
1.7003e-03
4.9116e-03
8.7114e-03
1.2876e-02
1.7095e-02
2.1009e-02
2.4297e-02
2.6671e-02
2.7859e-02
2.7706e-02
2.6220e-02
2.3540e-02
1.9916e-02
1.5649e-02
1.1049e-02
6.4017e-03
1.9686e-03
-2.0463e-03
-5.5358e-03
-8.4750e-03
-1.0903e-02
-1.2919e-02
-1.4617e-02
-1.6004e-02
-1.7095e-02
-1.8001e-02
-1.8857e-02
-1.9762e-02
-2.0730e-02
-2.1685e-02
-2.2483e-02
-2.2959e-02
-2.2976e-02
-2.2453e-02
-2.1371e-02
-1.9762e-02
-1.7731e-02
-1.5413e-02
-1.2874e-02
-1.0121e-02
-7.2012e-03
-4.2040e-03
-1.2310e-03
1.5959e-03
4.1347e-03
6.2431e-03
7.8292e-03
8.8927e-03
9.4855e-03
9.6590e-03
9.4489e-03
8.9070e-03
8.1441e-03
7.2839e-03
6.4021e-03
5.5315e-03
4.6958e-03
3.9483e-03
3.3558e-03
2.9652e-03
2.8219e-03
2.9631e-03
3.3626e-03
3.9262e-03
4.5391e-03
5.0994e-03
5.5345e-03
5.7783e-03
5.7844e-03
5.5771e-03
5.2352e-03
4.8398e-03
4.4392e-03
4.0617e-03
3.7765e-03
3.6338e-03
3.5530e-03
3.3830e-03
3.0096e-03
2.4172e-03
1.6987e-03
1.0104e-03
5.2911e-04
4.0038e-04
7.0641e-04
1.4576e-03
2.6101e-03
4.0814e-03
5.7710e-03
7.5537e-03
9.2733e-03
1.0748e-02
1.1787e-02
1.2230e-02
1.2004e-02
1.1153e-02
9.7656e-03
7.9812e-03
6.0642e-03
4.3157e-03
2.9201e-03
1.9720e-03
1.5149e-03
1.5126e-03
1.8267e-03
2.2288e-03
2.4683e-03
2.3396e-03
1.6781e-03
3.7232e-04
-1.5946e-03
-4.1121e-03
-6.9583e-03
-9.8895e-03
-1.2694e-02
-1.5156e-02
-1.7022e-02
-1.8014e-02
-1.7906e-02
-1.6632e-02
-1.4359e-02
-1.1393e-02
-7.9443e-03
-4.1758e-03
-2.9653e-04
3.5257e-03
7.1961e-03
1.0602e-02
1.3589e-02
1.5989e-02
1.7698e-02
1.8743e-02
1.9319e-02
1.9736e-02
2.0293e-02
2.1240e-02
2.2756e-02
2.4926e-02
2.7726e-02
3.1044e-02
3.4723e-02
3.8614e-02
4.2539e-02
4.6262e-02
4.9538e-02
5.2146e-02
5.3913e-02
5.4725e-02
5.4520e-02
5.3305e-02
5.1171e-02
4.8294e-02
4.4935e-02
4.1389e-02
3.7900e-02
3.4621e-02
3.1686e-02
2.9217e-02
2.7279e-02
2.5925e-02
2.5218e-02
2.5171e-02
2.5738e-02
2.6865e-02
2.8461e-02
3.0354e-02
3.2283e-02
3.3968e-02
3.5246e-02
3.6114e-02
3.6677e-02
3.7085e-02
3.7483e-02
3.7987e-02
3.8683e-02
3.9626e-02
4.0885e-02
4.2544e-02
4.4588e-02
4.6858e-02
4.9180e-02
5.1404e-02
5.3390e-02
5.4996e-02
5.6088e-02
5.6609e-02
5.6602e-02
5.6180e-02
5.5504e-02
5.4744e-02
5.4043e-02
5.3510e-02
5.3245e-02
5.3309e-02
5.3680e-02
5.4266e-02
5.4936e-02
5.5524e-02
5.5868e-02
5.5872e-02
5.5531e-02
5.4909e-02
5.4077e-02
5.3097e-02
5.2057e-02
5.1049e-02
5.0105e-02
4.9168e-02
4.8138e-02
4.7005e-02
4.5845e-02
4.4729e-02
4.3706e-02
4.2806e-02
4.2028e-02
4.1324e-02
4.0590e-02
3.9682e-02
3.8457e-02
3.6864e-02
3.4966e-02
3.2845e-02
3.0620e-02
2.8505e-02
2.6703e-02
2.5300e-02
2.4283e-02
2.3594e-02
2.3200e-02
2.3058e-02
2.3095e-02
2.3236e-02
2.3429e-02
2.3647e-02
2.3888e-02
2.4181e-02
2.4619e-02
2.5320e-02
2.6349e-02
2.7746e-02
2.9598e-02
3.1961e-02
3.4775e-02
3.7888e-02
4.1116e-02
4.4298e-02
4.7264e-02
4.9832e-02
5.1947e-02
5.3723e-02
5.5345e-02
5.7020e-02
5.8931e-02
6.1195e-02
6.3819e-02
6.6647e-02
6.9439e-02
7.1989e-02
7.4136e-02
7.5786e-02
7.6973e-02
7.7823e-02
7.8445e-02
7.8958e-02
7.9517e-02
8.0291e-02
8.1384e-02
8.2740e-02
8.4184e-02
8.5495e-02
8.6430e-02
8.6779e-02
8.6433e-02
8.5377e-02
8.3638e-02
8.1279e-02
7.8406e-02
7.5180e-02
7.1779e-02
6.8358e-02
6.5095e-02
6.2198e-02
5.9760e-02
5.7771e-02
5.6208e-02
5.4987e-02
5.3888e-02
5.2552e-02
5.0509e-02
4.7293e-02
4.2532e-02
3.6031e-02
2.7764e-02
1.7878e-02
6.7125e-03
-5.2522e-03
-1.7552e-02
-2.9908e-02
-4.2255e-02
-5.4521e-02
-6.6533e-02
-7.8016e-02
-8.8707e-02
-9.8464e-02
-1.0729e-01
-1.1527e-01
-1.2249e-01
-1.2903e-01
-1.3496e-01
-1.4034e-01
-1.4521e-01
-1.4974e-01
-1.5420e-01
-1.5877e-01
-1.6348e-01
-1.6815e-01
-1.7250e-01
-1.7620e-01
-1.7901e-01
-1.8079e-01
-1.8155e-01
-1.8145e-01
-1.8068e-01
-1.7947e-01
-1.7801e-01
-1.7645e-01
-1.7488e-01
-1.7336e-01
-1.7192e-01
-1.7057e-01
-1.6930e-01
-1.6801e-01
-1.6659e-01
-1.6501e-01
-1.6332e-01
-1.6159e-01
-1.5979e-01
-1.5778e-01
-1.5543e-01
-1.5272e-01
-1.4967e-01
-1.4635e-01
-1.4287e-01
-1.3936e-01
-1.3592e-01
-1.3259e-01
-1.2933e-01
-1.2613e-01
-1.2306e-01
-1.2020e-01
-1.1768e-01
-1.1559e-01
-1.1398e-01
-1.1286e-01
-1.1221e-01
-1.1209e-01
-1.1261e-01
-1.1388e-01
-1.1593e-01
-1.1867e-01
-1.2193e-01
-1.2547e-01
-1.2908e-01
-1.3264e-01
-1.3617e-01
-1.3974e-01
-1.4333e-01
-1.4677e-01
-1.4978e-01
-1.5209e-01
-1.5344e-01
-1.5363e-01
-1.5255e-01
-1.5013e-01
-1.4632e-01
-1.4116e-01
-1.3481e-01
-1.2746e-01
-1.1923e-01
-1.1029e-01
-1.0093e-01
-9.1543e-02
-8.2536e-02
-7.4197e-02
-6.6671e-02
-5.9972e-02
-5.4037e-02
-4.8847e-02
-4.4480e-02
-4.1011e-02
-3.8483e-02
-3.6959e-02
-3.6505e-02
-3.7168e-02
-3.8942e-02
-4.1769e-02
-4.5566e-02
-5.0212e-02
-5.5539e-02
-6.1339e-02
-6.7394e-02
-7.3542e-02
-7.9682e-02
-8.5732e-02
-9.1556e-02
-9.6939e-02
-1.0167e-01
-1.0561e-01
-1.0865e-01
-1.1080e-01
-1.1214e-01
-1.1287e-01
-1.1315e-01
-1.1308e-01
-1.1263e-01
-1.1170e-01
-1.1015e-01
-1.0794e-01
-1.0503e-01
-1.0141e-01
-9.7102e-02
-9.2256e-02
-8.7097e-02
-8.1805e-02
-7.6450e-02
-7.1044e-02
-6.5549e-02
-5.9893e-02
-5.3986e-02
-4.7745e-02
-4.1121e-02
-3.4134e-02
-2.6882e-02
-1.9493e-02
-1.2020e-02
-4.3484e-03
3.7406e-03
1.2358e-02
2.1482e-02
3.0990e-02
4.0717e-02
5.0449e-02
5.9942e-02
6.9034e-02
7.7808e-02
8.6491e-02
9.5349e-02
1.0469e-01
1.1477e-01
1.2565e-01
1.3729e-01
1.4965e-01
1.6261e-01
1.7598e-01
1.8963e-01
2.0342e-01
2.1722e-01
2.3081e-01
2.4386e-01
2.5605e-01
2.6706e-01
2.7668e-01
2.8487e-01
2.9172e-01
2.9744e-01
3.0223e-01
3.0628e-01
3.0968e-01
3.1239e-01
3.1431e-01
3.1533e-01
3.1519e-01
3.1357e-01
3.1021e-01
3.0508e-01
2.9837e-01
2.9060e-01
2.8243e-01
2.7425e-01
2.6613e-01
2.5799e-01
2.4971e-01
2.4124e-01
2.3254e-01
2.2360e-01
2.1430e-01
2.0448e-01
1.9388e-01
1.8236e-01
1.6989e-01
1.5654e-01
1.4244e-01
1.2769e-01
1.1245e-01
9.7076e-02
8.1984e-02
6.7568e-02
5.4078e-02
4.1724e-02
3.0751e-02
2.1305e-02
1.3417e-02
7.0945e-03
2.3434e-03
-8.0532e-04
-2.2583e-03
-1.8928e-03
3.7602e-04
4.5971e-03
1.0840e-02
1.9147e-02
2.9446e-02
4.1467e-02
5.4842e-02
6.9314e-02
8.4555e-02
1.0009e-01
1.1559e-01
1.3101e-01
1.4633e-01
1.6155e-01
1.7662e-01
1.9131e-01
2.0521e-01
2.1796e-01
2.2939e-01
2.3948e-01
2.4833e-01
2.5605e-01
2.6273e-01
2.6829e-01
2.7251e-01
2.7504e-01
2.7552e-01
2.7372e-01
2.6961e-01
2.6334e-01
2.5521e-01
2.4546e-01
2.3431e-01
2.2199e-01
2.0870e-01
1.9466e-01
1.8025e-01
1.6590e-01
1.5197e-01
1.3876e-01
1.2655e-01
1.1543e-01
1.0531e-01
9.6060e-02
8.7560e-02
7.9709e-02
7.2352e-02
6.5251e-02
5.8208e-02
5.1074e-02
4.3709e-02
3.5914e-02
2.7494e-02
1.8459e-02
9.1130e-03
-4.5691e-05
-8.6066e-03
-1.6466e-02
-2.3649e-02
-3.0140e-02
-3.5810e-02
-4.0557e-02
-4.4443e-02
-4.7628e-02
-5.0273e-02
-5.2582e-02
-5.4802e-02
-5.7194e-02
-5.9982e-02
-6.3335e-02
-6.7372e-02
-7.2186e-02
-7.7834e-02
-8.4288e-02
-9.1399e-02
-9.9000e-02
-1.0697e-01
-1.1520e-01
-1.2357e-01
-1.3203e-01
-1.4052e-01
-1.4890e-01
-1.5697e-01
-1.6458e-01
-1.7168e-01
-1.7831e-01
-1.8449e-01
-1.9020e-01
-1.9540e-01
-2.0004e-01
-2.0399e-01
-2.0712e-01
-2.0938e-01
-2.1087e-01
-2.1174e-01
-2.1213e-01
-2.1219e-01
-2.1209e-01
-2.1192e-01
-2.1173e-01
-2.1149e-01
-2.1110e-01
-2.1035e-01
-2.0886e-01
-2.0619e-01
-2.0183e-01
-1.9533e-01
-1.8646e-01
-1.7521e-01
-1.6182e-01
-1.4663e-01
-1.2996e-01
-1.1206e-01
-9.3420e-02
-7.4761e-02
-5.6704e-02
-3.9837e-02
-2.4812e-02
-1.2210e-02
-2.4126e-03
4.4256e-03
8.4286e-03
9.9982e-03
9.7276e-03
8.2490e-03
6.1139e-03
3.7404e-03
1.4021e-03
-7.3256e-04
-2.5664e-03
-4.1032e-03
-5.4833e-03
-6.9858e-03
-8.9054e-03
-1.1396e-02
-1.4522e-02
-1.8312e-02
-2.2720e-02
-2.7693e-02
-3.3326e-02
-3.9785e-02
-4.7182e-02
-5.5526e-02
-6.4769e-02
-7.4908e-02
-8.5923e-02
-9.7671e-02
-1.0991e-01
-1.2237e-01
-1.3482e-01
-1.4697e-01
-1.5834e-01
-1.6817e-01
-1.7552e-01
-1.7949e-01
-1.7940e-01
-1.7496e-01
-1.6629e-01
-1.5369e-01
-1.3754e-01
-1.1832e-01
-9.6599e-02
-7.3095e-02
-4.8654e-02
-2.4169e-02
-4.1093e-04
2.2167e-02
4.3390e-02
6.3106e-02
8.1253e-02
9.7998e-02
1.1369e-01
1.2872e-01
1.4347e-01
1.5817e-01
1.7301e-01
1.8810e-01
2.0349e-01
2.1917e-01
2.3501e-01
2.5059e-01
2.6533e-01
2.7878e-01
2.9072e-01
3.0125e-01
3.1061e-01
3.1909e-01
3.2692e-01
3.3416e-01
3.4065e-01
3.4596e-01
3.4936e-01
3.4991e-01
3.4642e-01
3.3764e-01
3.2243e-01
3.0008e-01
2.7038e-01
2.3377e-01
1.9126e-01
1.4417e-01
9.4010e-02
4.2549e-02
-8.1916e-03
-5.6099e-02
-9.9392e-02
-1.3703e-01
-1.6883e-01
-1.9533e-01
-2.1727e-01
-2.3547e-01
-2.5071e-01
-2.6371e-01
-2.7507e-01
-2.8527e-01
-2.9466e-01
-3.0354e-01
-3.1218e-01
-3.2076e-01
-3.2937e-01
-3.3796e-01
-3.4626e-01
-3.5378e-01
-3.5981e-01
-3.6353e-01
-3.6418e-01
-3.6129e-01
-3.5472e-01
-3.4455e-01
-3.3103e-01
-3.1448e-01
-2.9527e-01
-2.7385e-01
-2.5077e-01
-2.2666e-01
-2.0233e-01
-1.7876e-01
-1.5685e-01
-1.3710e-01
-1.1980e-01
-1.0526e-01
-9.3629e-02
-8.4882e-02
-7.8965e-02
-7.5790e-02
-7.5199e-02
-7.6870e-02
-8.0288e-02
-8.4875e-02
-9.0118e-02
-9.5674e-02
-1.0130e-01
-1.0679e-01
-1.1191e-01
-1.1635e-01
-1.1976e-01
-1.2178e-01
-1.2211e-01
-1.2057e-01
-1.1709e-01
-1.1176e-01
-1.0486e-01
-9.6862e-02
-8.8237e-02
-7.9390e-02
-7.0693e-02
-6.2459e-02
-5.4901e-02
-4.8142e-02
-4.2181e-02
-3.6901e-02
-3.2189e-02
-2.8008e-02
-2.4238e-02
-2.0695e-02
-1.7321e-02
-1.4101e-02
-1.0958e-02
-7.8145e-03
-4.6344e-03
-1.4177e-03
1.8054e-03
4.9874e-03
8.1009e-03
1.1135e-02
1.4050e-02
1.6762e-02
1.9153e-02
2.1078e-02
2.2390e-02
2.2955e-02
2.2669e-02
2.1443e-02
1.9213e-02
1.5944e-02
1.1630e-02
6.2578e-03
-2.2814e-04
-7.8040e-03
-1.6263e-02
-2.5262e-02
-3.4470e-02
-4.3766e-02
-5.3068e-02
-6.2172e-02
-7.0883e-02
-7.9079e-02
-8.6635e-02
-9.3451e-02
-9.9494e-02
-1.0476e-01
-1.0925e-01
-1.1292e-01
-1.1574e-01
-1.1769e-01
-1.1863e-01
-1.1839e-01
-1.1679e-01
-1.1372e-01
-1.0909e-01
-1.0277e-01
-9.4675e-02
-8.4795e-02
-7.3292e-02
-6.0425e-02
-4.6472e-02
-3.1681e-02
-1.6350e-02
-8.2943e-04
1.4537e-02
2.9300e-02
4.2922e-02
5.5093e-02
6.5780e-02
7.4998e-02
8.2806e-02
8.9309e-02
9.4611e-02
9.8854e-02
1.0232e-01
1.0533e-01
1.0805e-01
1.1046e-01
1.1240e-01
1.1365e-01
1.1395e-01
1.1309e-01
1.1087e-01
1.0717e-01
1.0202e-01
9.5594e-02
8.8171e-02
8.0010e-02
7.1303e-02
6.2219e-02
5.2990e-02
4.3940e-02
3.5325e-02
2.7248e-02
1.9762e-02
1.2884e-02
6.5662e-03
7.8634e-04
-4.3815e-03
-8.7862e-03
-1.2242e-02
-1.4583e-02
-1.5763e-02
-1.5896e-02
-1.5178e-02
-1.3817e-02
-1.1999e-02
-9.9182e-03
-7.7778e-03
-5.6810e-03
-3.6453e-03
-1.7184e-03
9.4174e-05
1.9050e-03
3.8642e-03
6.0942e-03
8.6812e-03
1.1680e-02
1.5109e-02
1.8901e-02
2.2911e-02
2.7015e-02
3.1164e-02
3.5380e-02
3.9672e-02
4.3988e-02
4.8274e-02
5.2501e-02
5.6661e-02
6.0700e-02
6.4516e-02
6.8039e-02
7.1222e-02
7.3979e-02
7.6241e-02
7.7988e-02
7.9229e-02
7.9976e-02
8.0221e-02
7.9950e-02
7.9123e-02
7.7619e-02
7.5269e-02
7.1928e-02
6.7477e-02
6.1831e-02
5.5005e-02
4.7140e-02
3.8451e-02
2.9196e-02
1.9615e-02
9.8893e-03
1.9531e-04
-9.1803e-03
-1.7936e-02
-2.5859e-02
-3.2721e-02
-3.8272e-02
-4.2383e-02
-4.5050e-02
-4.6342e-02
-4.6419e-02
-4.5507e-02
-4.3818e-02
-4.1515e-02
-3.8705e-02
-3.5433e-02
-3.1697e-02
-2.7483e-02
-2.2813e-02
-1.7755e-02
-1.2387e-02
-6.7575e-03
-8.9756e-04
5.1853e-03
1.1511e-02
1.8049e-02
2.4668e-02
3.1200e-02
3.7480e-02
4.3359e-02
4.8724e-02
5.3518e-02
5.7730e-02
6.1389e-02
6.4577e-02
6.7379e-02
6.9815e-02
7.1848e-02
7.3380e-02
7.4249e-02
7.4287e-02
7.3409e-02
7.1633e-02
6.9056e-02
6.5793e-02
6.1900e-02
5.7304e-02
5.1900e-02
4.5670e-02
3.8723e-02
3.1236e-02
2.3319e-02
1.5047e-02
6.5020e-03
-2.2793e-03
-1.1281e-02
-2.0407e-02
-2.9513e-02
-3.8477e-02
-4.7195e-02
-5.5572e-02
-6.3512e-02
-7.0870e-02
-7.7425e-02
-8.2939e-02
-8.7222e-02
-9.0142e-02
-9.1627e-02
-9.1656e-02
-9.0281e-02
-8.7623e-02
-8.3797e-02
-7.8915e-02
-7.3106e-02
-6.6523e-02
-5.9305e-02
-5.1505e-02
-4.3123e-02
-3.4237e-02
-2.5074e-02
-1.5976e-02
-7.2334e-03
9.6347e-04
8.4090e-03
1.4915e-02
2.0350e-02
2.4577e-02
2.7434e-02
2.8801e-02
2.8638e-02
2.7001e-02
2.4046e-02
1.9954e-02
1.4774e-02
8.4651e-03
1.0302e-03
-7.3877e-03
-1.6458e-02
-2.5675e-02
-3.4506e-02
-4.2618e-02
-4.9936e-02
-5.6563e-02
-6.2599e-02
-6.8044e-02
-7.2801e-02
-7.6785e-02
-7.9995e-02
-8.2421e-02
-8.4053e-02
-8.5011e-02
-8.5512e-02
-8.5738e-02
-8.5757e-02
-8.5513e-02
-8.4872e-02
-8.3665e-02
-8.1716e-02
-7.8895e-02
-7.5123e-02
-7.0355e-02
-6.4565e-02
-5.7756e-02
-4.9980e-02
-4.1336e-02
-3.1949e-02
-2.2000e-02
-1.1787e-02
-1.6608e-03
8.0854e-03
1.7240e-02
2.5691e-02
3.3432e-02
4.0505e-02
4.6921e-02
5.2700e-02
5.7894e-02
6.2526e-02
6.6587e-02
7.0071e-02
7.2974e-02
7.5302e-02
7.7099e-02
7.8416e-02
7.9251e-02
7.9546e-02
7.9208e-02
7.8095e-02
7.6043e-02
7.2899e-02
6.8534e-02
6.2850e-02
5.5853e-02
4.7696e-02
3.8641e-02
2.9000e-02
1.9060e-02
9.0828e-03
-6.7115e-04
-9.9552e-03
-1.8571e-02
-2.6421e-02
-3.3473e-02
-3.9735e-02
-4.5274e-02
-5.0228e-02
-5.4748e-02
-5.8916e-02
-6.2699e-02
-6.6044e-02
-6.8942e-02
-7.1399e-02
-7.3417e-02
-7.4979e-02
-7.6027e-02
-7.6477e-02
-7.6244e-02
-7.5285e-02
-7.3618e-02
-7.1288e-02
-6.8338e-02
-6.4806e-02
-6.0781e-02
-5.6444e-02
-5.2011e-02
-4.7672e-02
-4.3654e-02
-4.0178e-02
-3.7315e-02
-3.5023e-02
-3.3239e-02
-3.1865e-02
-3.0769e-02
-2.9823e-02
-2.8936e-02
-2.8051e-02
-2.7077e-02
-2.5872e-02
-2.4323e-02
-2.2371e-02
-1.9977e-02
-1.7149e-02
-1.3967e-02
-1.0583e-02
-7.1510e-03
-3.7196e-03
-2.8968e-04
3.1131e-03
6.4316e-03
9.5889e-03
1.2518e-02
1.5235e-02
1.7853e-02
2.0465e-02
2.3122e-02
2.5872e-02
2.8764e-02
3.1827e-02
3.5060e-02
3.8417e-02
4.1799e-02
4.5053e-02
4.7997e-02
5.0484e-02
5.2431e-02
5.3806e-02
5.4550e-02
5.4540e-02
5.3659e-02
5.1870e-02
4.9226e-02
4.5819e-02
4.1764e-02
3.7250e-02
3.2515e-02
2.7720e-02
2.2942e-02
1.8218e-02
1.3585e-02
9.1100e-03
4.8830e-03
1.0077e-03
-2.4395e-03
-5.4734e-03
-8.2100e-03
-1.0812e-02
-1.3420e-02
-1.6107e-02
-1.8904e-02
-2.1798e-02
-2.4715e-02
-2.7521e-02
-3.0051e-02
-3.2148e-02
-3.3691e-02
-3.4602e-02
-3.4845e-02
-3.4441e-02
-3.3484e-02
-3.2124e-02
-3.0501e-02
-2.8750e-02
-2.7044e-02
-2.5609e-02
-2.4654e-02
-2.4246e-02
-2.4366e-02
-2.4985e-02
-2.6030e-02
-2.7351e-02
-2.8704e-02
-2.9751e-02
-3.0120e-02
-2.9523e-02
-2.7814e-02
-2.4982e-02
-2.1125e-02
-1.6401e-02
-1.0985e-02
-5.0611e-03
1.1740e-03
7.5630e-03
1.4028e-02
2.0545e-02
2.7064e-02
3.3437e-02
3.9468e-02
4.5033e-02
5.0129e-02
5.4863e-02
5.9366e-02
6.3757e-02
6.8102e-02
7.2386e-02
7.6579e-02
8.0735e-02
8.4917e-02
8.9104e-02
9.3238e-02
9.7240e-02
1.0101e-01
1.0444e-01
1.0742e-01
1.0985e-01
1.1163e-01
1.1264e-01
1.1273e-01
1.1172e-01
1.0942e-01
1.0569e-01
1.0058e-01
9.4212e-02
8.6684e-02
7.8162e-02
6.8908e-02
5.9275e-02
4.9655e-02
4.0409e-02
3.1818e-02
2.4080e-02
1.7360e-02
1.1738e-02
7.1809e-03
3.6357e-03
1.0571e-03
-6.7288e-04
-1.7479e-03
-2.3789e-03
-2.7690e-03
-3.0686e-03
-3.3093e-03
-3.4463e-03
-3.4436e-03
-3.2635e-03
-2.8473e-03
-2.1283e-03
-1.0273e-03
5.5313e-04
2.6726e-03
5.3119e-03
8.3944e-03
1.1834e-02
1.5587e-02
1.9605e-02
2.3782e-02
2.7948e-02
3.1941e-02
3.5698e-02
3.9151e-02
4.2133e-02
4.4472e-02
4.6104e-02
4.7102e-02
4.7582e-02
4.7588e-02
4.7098e-02
4.6063e-02
4.4439e-02
4.2222e-02
3.9459e-02
3.6220e-02
3.2608e-02
2.8802e-02
2.5000e-02
2.1314e-02
1.7805e-02
1.4531e-02
1.1588e-02
9.0845e-03
7.1197e-03
5.8282e-03
5.3831e-03
5.9198e-03
7.5147e-03
1.0205e-02
1.3937e-02
1.8553e-02
2.3863e-02
2.9651e-02
3.5659e-02
4.1632e-02
4.7356e-02
5.2617e-02
5.7198e-02
6.0913e-02
6.3636e-02
6.5325e-02
6.5999e-02
6.5774e-02
6.4911e-02
6.3689e-02
6.2274e-02
6.0760e-02
5.9235e-02
5.7814e-02
5.6590e-02
5.5569e-02
5.4707e-02
5.3938e-02
5.3183e-02
5.2386e-02
5.1553e-02
5.0755e-02
5.0070e-02
4.9504e-02
4.8993e-02
4.8490e-02
4.7974e-02
4.7426e-02
4.6808e-02
4.6058e-02
4.5143e-02
4.4062e-02
4.2829e-02
4.1528e-02
4.0322e-02
3.9308e-02
3.8438e-02
3.7590e-02
3.6629e-02
3.5460e-02
3.4044e-02
3.2386e-02
3.0482e-02
2.8306e-02
2.5861e-02
2.3209e-02
2.0450e-02
1.7664e-02
1.4861e-02
1.2009e-02
9.0738e-03
6.0228e-03
2.8437e-03
-4.4217e-04
-3.7742e-03
-7.0747e-03
-1.0312e-02
-1.3484e-02
-1.6505e-02
-1.9219e-02
-2.1502e-02
-2.3257e-02
-2.4412e-02
-2.4940e-02
-2.4855e-02
-2.4166e-02
-2.2886e-02
-2.1075e-02
-1.8864e-02
-1.6451e-02
-1.4032e-02
-1.1737e-02
-9.5946e-03
-7.5733e-03
-5.6627e-03
-3.8803e-03
-2.2315e-03
-6.4552e-04
1.0002e-03
2.7505e-03
4.5587e-03
6.3459e-03
8.0424e-03
9.6109e-03
1.1032e-02
1.2315e-02
1.3544e-02
1.4835e-02
1.6258e-02
1.7850e-02
1.9639e-02
2.1644e-02
2.3896e-02
2.6493e-02
2.9508e-02
3.2856e-02
3.6320e-02
3.9626e-02
4.2507e-02
4.4743e-02
4.6191e-02
4.6798e-02
4.6583e-02
4.5606e-02
4.3947e-02
4.1726e-02
3.9086e-02
3.6131e-02
3.2923e-02
2.9520e-02
2.5987e-02
2.2403e-02
1.8832e-02
1.5321e-02
1.1908e-02
8.6537e-03
5.6592e-03
3.0259e-03
8.1955e-04
-9.1943e-04
-2.1849e-03
-3.0263e-03
-3.5439e-03
-3.8518e-03
-4.0482e-03
-4.1939e-03
-4.3123e-03
-4.3962e-03
-4.4227e-03
-4.3862e-03
-4.3156e-03
-4.2129e-03
-4.0241e-03
-3.6846e-03
-3.1493e-03
-2.4022e-03
-1.4687e-03
-4.1109e-04
6.9990e-04
1.8060e-03
2.8579e-03
3.7945e-03
4.5301e-03
5.0196e-03
5.3074e-03
5.4661e-03
5.5492e-03
5.5928e-03
5.6165e-03
5.6219e-03
5.5937e-03
5.5055e-03
5.3272e-03
5.0370e-03
4.6313e-03
4.1357e-03
3.6088e-03
3.1350e-03
2.7813e-03
2.5193e-03
2.2525e-03
1.9460e-03
1.6220e-03
1.3037e-03
9.7983e-04
6.0177e-04
1.2291e-04
-4.7875e-04
-1.2054e-03
-2.0597e-03
-3.0594e-03
-4.1980e-03
-5.4292e-03
-6.7022e-03
-7.9776e-03
-9.2251e-03
-1.0426e-02
-1.1573e-02
-1.2675e-02
-1.3753e-02
-1.4830e-02
-1.5906e-02
-1.6933e-02
-1.7866e-02
-1.8705e-02
-1.9427e-02
-1.9946e-02
-2.0142e-02
-1.9937e-02
-1.9363e-02
-1.8501e-02
-1.7398e-02
-1.6082e-02
-1.4606e-02
-1.3090e-02
-1.1709e-02
-1.0624e-02
-9.9233e-03
-9.6015e-03
-9.5903e-03
-9.8175e-03
-1.0269e-02
-1.0961e-02
-1.1870e-02
-1.2888e-02
-1.3850e-02
-1.4646e-02
-1.5258e-02
-1.5706e-02
-1.6018e-02
-1.6203e-02
-1.6252e-02
-1.6165e-02
-1.5991e-02
-1.5795e-02
-1.5582e-02
-1.5322e-02
-1.4997e-02
-1.4616e-02
-1.4220e-02
-1.3888e-02
-1.3731e-02
-1.3867e-02
-1.4369e-02
-1.5228e-02
-1.6371e-02
-1.7692e-02
-1.9090e-02
-2.0485e-02
-2.1829e-02
-2.3143e-02
-2.4500e-02
-2.5926e-02
-2.7398e-02
-2.8876e-02
-3.0308e-02
-3.1637e-02
-3.2848e-02
-3.3932e-02
-3.4813e-02
-3.5378e-02
-3.5537e-02
-3.5246e-02
-3.4502e-02
-3.3321e-02
-3.1721e-02
-2.9711e-02
-2.7314e-02
-2.4588e-02
-2.1649e-02
-1.8628e-02
-1.5617e-02
-1.2720e-02
-1.0068e-02
-7.7053e-03
-5.5894e-03
-3.7123e-03
-2.1252e-03
-8.9642e-04
-6.0234e-05
4.1364e-04
5.9710e-04
5.8130e-04
4.4954e-04
2.8058e-04
1.5396e-04
1.4635e-04
3.2110e-04
7.0782e-04
1.2635e-03
1.8602e-03
2.3567e-03
2.6625e-03
2.7468e-03
2.6236e-03
2.3214e-03
1.8818e-03
1.3484e-03
7.3240e-04
2.5809e-05
-7.4190e-04
-1.4890e-03
-2.0954e-03
-2.4387e-03
-2.4085e-03
-1.8917e-03
-8.1299e-04
8.1526e-04
2.9320e-03
5.4803e-03
8.4244e-03
1.1717e-02
1.5256e-02
1.8925e-02
2.2657e-02
2.6427e-02
3.0237e-02
3.4086e-02
3.7911e-02
4.1559e-02
4.4919e-02
4.7986e-02
5.0762e-02
5.3210e-02
5.5285e-02
5.6947e-02
5.8170e-02
5.8930e-02
5.9236e-02
5.9179e-02
5.8872e-02
5.8379e-02
5.7775e-02
5.7142e-02
5.6460e-02
5.5615e-02
5.4508e-02
5.3087e-02
5.1341e-02
4.9279e-02
4.6912e-02
4.4229e-02
4.1237e-02
3.7982e-02
3.4506e-02
3.0848e-02
2.7113e-02
2.3410e-02
1.9730e-02
1.6066e-02
1.2512e-02
9.1867e-03
6.1823e-03
3.5619e-03
1.3702e-03
-3.5663e-04
-1.6177e-03
-2.4708e-03
-3.0327e-03
-3.4069e-03
-3.5992e-03
-3.5811e-03
-3.3519e-03
-2.9159e-03
-2.2796e-03
-1.4625e-03
-4.8705e-04
6.2351e-04
1.8005e-03
2.9238e-03
3.8690e-03
4.5311e-03
4.8381e-03
4.7710e-03
4.3626e-03
3.6725e-03
2.7789e-03
1.7635e-03
6.5350e-04
-6.0019e-04
-2.0406e-03
-3.6622e-03
-5.4372e-03
-7.3046e-03
-9.1536e-03
-1.0824e-02
-1.2138e-02
-1.2961e-02
-1.3219e-02
-1.2876e-02
-1.1940e-02
-1.0482e-02
-8.6872e-03
-6.7869e-03
-4.8942e-03
-3.0280e-03
-1.1864e-03
6.7411e-04
2.6114e-03
4.6073e-03
6.5828e-03
8.4798e-03
1.0268e-02
1.1926e-02
1.3406e-02
1.4633e-02
1.5521e-02
1.5994e-02
1.6014e-02
1.5605e-02
1.4855e-02
1.3881e-02
1.2797e-02
1.1679e-02
1.0557e-02
9.4186e-03
8.2152e-03
6.8949e-03
5.4368e-03
3.8123e-03
1.9608e-03
-1.3159e-04
-2.4387e-03
-4.9899e-03
-7.8036e-03
-1.0788e-02
-1.3824e-02
-1.6830e-02
-1.9721e-02
-2.2394e-02
-2.4745e-02
-2.6695e-02
-2.8228e-02
-2.9440e-02
-3.0502e-02
-3.1521e-02
-3.2521e-02
-3.3475e-02
-3.4377e-02
-3.5256e-02
-3.6097e-02
-3.6850e-02
-3.7475e-02
-3.7924e-02
-3.8140e-02
-3.8103e-02
-3.7845e-02
-3.7414e-02
-3.6872e-02
-3.6284e-02
-3.5688e-02
-3.5090e-02
-3.4496e-02
-3.3908e-02
-3.3295e-02
-3.2626e-02
-3.1914e-02
-3.1216e-02
-3.0606e-02
-3.0119e-02
-2.9732e-02
-2.9371e-02
-2.8947e-02
-2.8383e-02
-2.7628e-02
-2.6662e-02
-2.5490e-02
-2.4092e-02
-2.2407e-02
-2.0418e-02
-1.8193e-02
-1.5842e-02
-1.3484e-02
-1.1208e-02
-9.0624e-03
-7.0502e-03
-5.1252e-03
-3.2177e-03
-1.2739e-03
7.5396e-04
2.9000e-03
5.1092e-03
7.2574e-03
9.2751e-03
1.1137e-02
1.2802e-02
1.4251e-02
1.5514e-02
1.6631e-02
1.7617e-02
1.8442e-02
1.9097e-02
1.9637e-02
2.0121e-02
2.0565e-02
2.0955e-02
2.1283e-02
2.1574e-02
2.1858e-02
2.2138e-02
2.2383e-02
2.2536e-02
2.2519e-02
2.2276e-02
2.1774e-02
2.0957e-02
1.9724e-02
1.7997e-02
1.5725e-02
1.2862e-02
9.3687e-03
5.2432e-03
5.8334e-04
-4.4566e-03
-9.7984e-03
-1.5355e-02
-2.0943e-02
-2.6374e-02
-3.1521e-02
-3.6290e-02
-4.0642e-02
-4.4613e-02
-4.8229e-02
-5.1444e-02
-5.4185e-02
-5.6381e-02
-5.7955e-02
-5.8884e-02
-5.9233e-02
-5.9085e-02
-5.8502e-02
-5.7544e-02
-5.6300e-02
-5.4886e-02
-5.3421e-02
-5.1978e-02
-5.0554e-02
-4.9080e-02
-4.7485e-02
-4.5751e-02
-4.3933e-02
-4.2095e-02
-4.0291e-02
-3.8588e-02
-3.7052e-02
-3.5697e-02
-3.4506e-02
-3.3452e-02
-3.2506e-02
-3.1653e-02
-3.0919e-02
-3.0330e-02
-2.9862e-02
-2.9526e-02
-2.9412e-02
-2.9601e-02
-3.0125e-02
-3.0994e-02
-3.2186e-02
-3.3631e-02
-3.5244e-02
-3.6949e-02
-3.8711e-02
-4.0481e-02
-4.2133e-02
-4.3518e-02
-4.4528e-02
-4.5078e-02
-4.5103e-02
-4.4586e-02
-4.3560e-02
-4.2091e-02
-4.0291e-02
-3.8276e-02
-3.6068e-02
-3.3635e-02
-3.1030e-02
-2.8352e-02
-2.5665e-02
-2.2969e-02
-2.0229e-02
-1.7459e-02
-1.4696e-02
-1.1947e-02
-9.2371e-03
-6.6502e-03
-4.2467e-03
-2.0636e-03
-1.7751e-04
1.3481e-03
2.5171e-03
3.3179e-03
3.6819e-03
3.5482e-03
2.9082e-03
1.8094e-03
3.1802e-04
-1.5222e-03
-3.6745e-03
-6.1044e-03
-8.7939e-03
-1.1699e-02
-1.4700e-02
-1.7621e-02
-2.0278e-02
-2.2525e-02
-2.4245e-02
-2.5307e-02
-2.5649e-02
-2.5353e-02
-2.4560e-02
-2.3403e-02
-2.1971e-02
-2.0318e-02
-1.8473e-02
-1.6459e-02
-1.4305e-02
-1.2066e-02
-9.8035e-03
-7.5510e-03
-5.3057e-03
-3.0350e-03
-6.8398e-04
1.7939e-03
4.3870e-03
7.0229e-03
9.6083e-03
1.2035e-02
1.4186e-02
1.5948e-02
1.7215e-02
1.7888e-02
1.7921e-02
1.7377e-02
1.6393e-02
1.5120e-02
1.3694e-02
1.2221e-02
1.0781e-02
9.4182e-03
8.1261e-03
6.8211e-03
5.3688e-03
3.6818e-03
1.7406e-03
-4.4369e-04
-2.8494e-03
-5.4404e-03
-8.1265e-03
-1.0768e-02
-1.3238e-02
-1.5476e-02
-1.7501e-02
-1.9365e-02
-2.1116e-02
-2.2840e-02
-2.4637e-02
-2.6552e-02
-2.8536e-02
-3.0469e-02
-3.2272e-02
-3.3943e-02
-3.5488e-02
-3.6931e-02
-3.8341e-02
-3.9760e-02
-4.1160e-02
-4.2490e-02
-4.3714e-02
-4.4837e-02
-4.5853e-02
-4.6698e-02
-4.7300e-02
-4.7618e-02
-4.7647e-02
-4.7406e-02
-4.6916e-02
-4.6197e-02
-4.5274e-02
-4.4140e-02
-4.2787e-02
-4.1248e-02
-3.9582e-02
-3.7832e-02
-3.5986e-02
-3.3997e-02
-3.1830e-02
-2.9493e-02
-2.7025e-02
-2.4473e-02
-2.1870e-02
-1.9232e-02
-1.6566e-02
-1.3868e-02
-1.1123e-02
-8.3185e-03
-5.4479e-03
-2.5209e-03
4.3004e-04
3.3435e-03
6.1331e-03
8.6985e-03
1.0962e-02
1.2919e-02
1.4625e-02
1.6114e-02
1.7400e-02
1.8513e-02
1.9534e-02
2.0577e-02
2.1706e-02
2.2930e-02
2.4233e-02
2.5545e-02
2.6753e-02
2.7788e-02
2.8650e-02
2.9362e-02
2.9939e-02
3.0379e-02
3.0694e-02
3.0917e-02
3.1055e-02
3.1085e-02
3.0955e-02
3.0600e-02
2.9960e-02
2.8999e-02
2.7734e-02
2.6237e-02
2.4622e-02
2.2995e-02
2.1412e-02
1.9878e-02
1.8384e-02
1.6921e-02
1.5488e-02
1.4090e-02
1.2747e-02
1.1491e-02
1.0365e-02
9.4094e-03
8.6556e-03
8.1070e-03
7.7317e-03
7.4748e-03
7.2967e-03
7.1851e-03
7.1522e-03
7.2294e-03
7.4595e-03
7.8819e-03
8.5149e-03
9.3368e-03
1.0273e-02
1.1203e-02
1.1997e-02
1.2556e-02
1.2831e-02
1.2832e-02
1.2620e-02
1.2253e-02
1.1741e-02
1.1080e-02
1.0283e-02
9.3781e-03
8.3782e-03
7.2556e-03
5.9512e-03
4.4120e-03
2.6386e-03
6.6621e-04
-1.5017e-03
-3.8603e-03
-6.3681e-03
-8.9702e-03
-1.1595e-02
-1.4123e-02
-1.6442e-02
-1.8523e-02
-2.0405e-02
-2.2148e-02
-2.3791e-02
-2.5338e-02
-2.6763e-02
-2.8012e-02
-2.9035e-02
-2.9827e-02
-3.0427e-02
-3.0845e-02
-3.1077e-02
-3.1131e-02
-3.0978e-02
-3.0542e-02
-2.9788e-02
-2.8736e-02
-2.7392e-02
-2.5794e-02
-2.4045e-02
-2.2287e-02
-2.0645e-02
-1.9177e-02
-1.7850e-02
-1.6572e-02
-1.5254e-02
-1.3863e-02
-1.2398e-02
-1.0877e-02
-9.3475e-03
-7.8816e-03
-6.5510e-03
-5.3840e-03
-4.3712e-03
-3.5336e-03
-2.9044e-03
-2.4693e-03
-2.1521e-03
-1.8309e-03
-1.3775e-03
-6.8341e-04
3.3568e-04
1.7457e-03
3.5926e-03
5.8468e-03
8.3981e-03
1.1120e-02
1.3870e-02
1.6484e-02
1.8876e-02
2.1087e-02
2.3180e-02
2.5174e-02
2.7063e-02
2.8841e-02
3.0547e-02
3.2257e-02
3.4043e-02
3.5891e-02
3.7738e-02
3.9552e-02
4.1347e-02
4.3136e-02
4.4861e-02
4.6411e-02
4.7712e-02
4.8733e-02
4.9460e-02
4.9914e-02
5.0169e-02
5.0360e-02
5.0647e-02
5.1154e-02
5.1916e-02
5.2866e-02
5.3913e-02
5.4973e-02
5.5982e-02
5.6900e-02
5.7707e-02
5.8386e-02
5.8940e-02
5.9460e-02
6.0073e-02
6.0805e-02
6.1595e-02
6.2368e-02
6.3110e-02
6.3867e-02
6.4664e-02
6.5513e-02
6.6432e-02
6.7411e-02
6.8367e-02
6.9154e-02
6.9629e-02
6.9734e-02
6.9467e-02
6.8847e-02
6.7945e-02
6.6851e-02
6.5537e-02
6.3864e-02
6.1641e-02
5.8665e-02
5.4766e-02
4.9866e-02
4.3989e-02
3.7225e-02
2.9725e-02
2.1674e-02
1.3205e-02
4.4081e-03
-4.5606e-03
-1.3469e-02
-2.2079e-02
-3.0214e-02
-3.7796e-02
-4.4784e-02
-5.1166e-02
-5.6978e-02
-6.2261e-02
-6.7019e-02
-7.1239e-02
-7.4932e-02
-7.8162e-02
-8.1041e-02
-8.3702e-02
-8.6268e-02
-8.8802e-02
-9.1267e-02
-9.3536e-02
-9.5444e-02
-9.6822e-02
-9.7501e-02
-9.7329e-02
-9.6189e-02
-9.4050e-02
-9.0952e-02
-8.6951e-02
-8.2088e-02
-7.6404e-02
-7.0017e-02
-6.3094e-02
-5.5719e-02
-4.7960e-02
-3.9966e-02
-3.1920e-02
-2.4008e-02
-1.6422e-02
-9.3511e-03
-2.9638e-03
2.6224e-03
7.3427e-03
1.1144e-02
1.3973e-02
1.5785e-02
1.6594e-02
1.6503e-02
1.5677e-02
1.4293e-02
1.2488e-02
1.0358e-02
7.9733e-03
5.3667e-03
2.5479e-03
-4.4333e-04
-3.5485e-03
-6.7533e-03
-1.0049e-02
-1.3381e-02
-1.6639e-02
-1.9682e-02
-2.2389e-02
-2.4643e-02
-2.6324e-02
-2.7327e-02
-2.7579e-02
-2.7033e-02
-2.5669e-02
-2.3503e-02
-2.0630e-02
-1.7217e-02
-1.3451e-02
-9.4892e-03
-5.4301e-03
-1.2913e-03
2.9491e-03
7.2302e-03
1.1438e-02
1.5558e-02
1.9599e-02
2.3497e-02
2.7150e-02
3.0469e-02
3.3399e-02
3.5945e-02
3.8179e-02
4.0223e-02
4.2206e-02
4.4227e-02
4.6360e-02
4.8671e-02
5.1166e-02
5.3749e-02
5.6227e-02
5.8369e-02
6.0000e-02
6.0982e-02
6.1203e-02
6.0651e-02
5.9428e-02
5.7667e-02
5.5482e-02
5.2941e-02
5.0117e-02
4.7117e-02
4.4055e-02
4.1063e-02
3.8301e-02
3.5957e-02
3.4220e-02
3.3255e-02
3.3146e-02
3.3862e-02
3.5249e-02
3.7080e-02
3.9155e-02
4.1317e-02
4.3409e-02
4.5303e-02
4.6943e-02
4.8341e-02
4.9529e-02
5.0480e-02
5.1157e-02
5.1562e-02
5.1679e-02
5.1436e-02
5.0728e-02
4.9455e-02
4.7559e-02
4.5066e-02
4.2076e-02
3.8711e-02
3.5078e-02
3.1272e-02
2.7432e-02
2.3739e-02
2.0268e-02
1.6999e-02
1.3975e-02
1.1236e-02
8.7453e-03
6.4870e-03
4.5129e-03
2.8909e-03
1.6957e-03
1.0071e-03
8.4498e-04
1.1478e-03
1.8251e-03
2.7644e-03
3.8241e-03
4.8642e-03
5.7779e-03
6.5013e-03
7.0156e-03
7.3420e-03
7.5092e-03
7.5231e-03
7.3661e-03
7.0068e-03
6.4118e-03
5.5654e-03
4.4874e-03
3.2455e-03
1.9211e-03
5.4564e-04
-8.5100e-04
-2.1748e-03
-3.3084e-03
-4.1719e-03
-4.7665e-03
-5.1354e-03
-5.2953e-03
-5.2407e-03
-4.9816e-03
-4.5816e-03
-4.1238e-03
-3.6412e-03
-3.1430e-03
-2.6357e-03
-2.0919e-03
-1.4700e-03
-7.7404e-04
-7.1162e-05
5.1019e-04
7.9780e-04
6.4814e-04
5.1657e-05
-8.9510e-04
-2.0777e-03
-3.4260e-03
-4.8942e-03
-6.3747e-03
-7.7093e-03
-8.7439e-03
-9.3515e-03
-9.4734e-03
-9.1649e-03
-8.5406e-03
-7.6802e-03
-6.6566e-03
-5.5544e-03
-4.4275e-03
-3.2882e-03
-2.1268e-03
-9.4777e-04
2.3381e-04
1.4574e-03
2.7902e-03
4.2362e-03
5.7531e-03
7.3039e-03
8.8865e-03
1.0498e-02
1.2057e-02
1.3450e-02
1.4585e-02
1.5337e-02
1.5572e-02
1.5253e-02
1.4431e-02
1.3191e-02
1.1660e-02
9.9850e-03
8.2600e-03
6.4729e-03
4.5081e-03
2.2709e-03
-2.2859e-04
-2.9135e-03
-5.6976e-03
-8.5275e-03
-1.1326e-02
-1.3972e-02
-1.6390e-02
-1.8573e-02
-2.0534e-02
-2.2284e-02
-2.3827e-02
-2.5200e-02
-2.6454e-02
-2.7586e-02
-2.8601e-02
-2.9580e-02
-3.0643e-02
-3.1896e-02
-3.3375e-02
-3.5025e-02
-3.6752e-02
-3.8511e-02
-4.0318e-02
-4.2132e-02
-4.3867e-02
-4.5476e-02
-4.6923e-02
-4.8154e-02
-4.9106e-02
-4.9728e-02
-4.9995e-02
-4.9928e-02
-4.9596e-02
-4.9079e-02
-4.8440e-02
-4.7689e-02
-4.6815e-02
-4.5816e-02
-4.4679e-02
-4.3387e-02
-4.1969e-02
-4.0487e-02
-3.8979e-02
-3.7424e-02
-3.5736e-02
-3.3820e-02
-3.1600e-02
-2.9040e-02
-2.6169e-02
-2.3079e-02
-1.9892e-02
-1.6720e-02
-1.3626e-02
-1.0647e-02
-7.7965e-03
-5.0417e-03
-2.3252e-03
3.4256e-04
2.8990e-03
5.2903e-03
7.5139e-03
9.6010e-03
1.1540e-02
1.3267e-02
1.4700e-02
1.5794e-02
1.6577e-02
1.7123e-02
1.7559e-02
1.8052e-02
1.8772e-02
1.9837e-02
2.1287e-02
2.3060e-02
2.4999e-02
2.6920e-02
2.8681e-02
3.0215e-02
3.1512e-02
3.2589e-02
3.3496e-02
3.4307e-02
3.5122e-02
3.6018e-02
3.7000e-02
3.7980e-02
3.8801e-02
3.9322e-02
3.9452e-02
3.9097e-02
3.8162e-02
3.6587e-02
3.4377e-02
3.1606e-02
2.8365e-02
2.4774e-02
2.1009e-02
1.7233e-02
1.3502e-02
9.7980e-03
6.0967e-03
2.4143e-03
-1.1958e-03
-4.6603e-03
-7.8554e-03
-1.0611e-02
-1.2778e-02
-1.4277e-02
-1.5094e-02
-1.5224e-02
-1.4632e-02
-1.3325e-02
-1.1362e-02
-8.7950e-03
-5.6920e-03
-2.1647e-03
1.6482e-03
5.6051e-03
9.5941e-03
1.3534e-02
1.7370e-02
2.1072e-02
2.4635e-02
2.8073e-02
3.1386e-02
3.4542e-02
3.7506e-02
4.0260e-02
4.2771e-02
4.4990e-02
4.6869e-02
4.8382e-02
4.9520e-02
5.0271e-02
5.0619e-02
5.0553e-02
5.0053e-02
4.9083e-02
4.7605e-02
4.5592e-02
4.3011e-02
3.9846e-02
3.6110e-02
3.1808e-02
2.6956e-02
2.1662e-02
1.6129e-02
1.0600e-02
5.2783e-03
3.0151e-04
-4.2460e-03
-8.3346e-03
-1.2001e-02
-1.5322e-02
-1.8384e-02
-2.1245e-02
-2.3958e-02
-2.6593e-02
-2.9185e-02
-3.1716e-02
-3.4192e-02
-3.6633e-02
-3.8996e-02
-4.1196e-02
-4.3142e-02
-4.4719e-02
-4.5835e-02
-4.6517e-02
-4.6845e-02
-4.6857e-02
-4.6560e-02
-4.5949e-02
-4.5025e-02
-4.3815e-02
-4.2377e-02
-4.0783e-02
-3.9107e-02
-3.7426e-02
-3.5802e-02
-3.4268e-02
-3.2887e-02
-3.1760e-02
-3.0934e-02
-3.0381e-02
-3.0048e-02
-2.9879e-02
-2.9839e-02
-2.9898e-02
-3.0003e-02
-3.0052e-02
-2.9956e-02
-2.9698e-02
-2.9304e-02
-2.8822e-02
-2.8311e-02
-2.7814e-02
-2.7331e-02
-2.6845e-02
-2.6326e-02
-2.5699e-02
-2.4881e-02
-2.3850e-02
-2.2689e-02
-2.1527e-02
-2.0381e-02
-1.9189e-02
-1.7928e-02
-1.6594e-02
-1.5171e-02
-1.3650e-02
-1.2064e-02
-1.0511e-02
-9.0828e-03
-7.7974e-03
-6.5952e-03
-5.3957e-03
-4.1822e-03
-2.9924e-03
-1.9007e-03
-1.0486e-03
-6.0198e-04
-6.5086e-04
-1.2221e-03
-2.3238e-03
-3.9188e-03
-5.9147e-03
-8.1891e-03
-1.0592e-02
-1.2970e-02
-1.5234e-02
-1.7374e-02
-1.9374e-02
-2.1217e-02
-2.2913e-02
-2.4465e-02
-2.5837e-02
-2.6958e-02
-2.7746e-02
-2.8133e-02
-2.8119e-02
-2.7754e-02
-2.7029e-02
-2.5904e-02
-2.4429e-02
-2.2639e-02
-2.0461e-02
-1.7839e-02
-1.4791e-02
-1.1341e-02
-7.5372e-03
-3.4801e-03
6.6021e-04
4.6898e-03
8.4777e-03
1.1961e-02
1.5114e-02
1.7950e-02
2.0496e-02
2.2724e-02
2.4596e-02
2.6135e-02
2.7382e-02
2.8348e-02
2.9036e-02
2.9458e-02
2.9638e-02
2.9594e-02
2.9324e-02
2.8815e-02
2.8063e-02
2.7076e-02
2.5860e-02
2.4425e-02
2.2829e-02
2.1184e-02
1.9592e-02
1.8075e-02
1.6561e-02
1.4993e-02
1.3397e-02
1.1851e-02
1.0498e-02
9.5383e-03
9.0966e-03
9.1824e-03
9.7809e-03
1.0864e-02
1.2354e-02
1.4119e-02
1.6018e-02
1.8012e-02
2.0115e-02
2.2279e-02
2.4434e-02
2.6549e-02
2.8627e-02
3.0659e-02
3.2578e-02
3.4257e-02
3.5551e-02
3.6354e-02
3.6650e-02
3.6510e-02
3.6025e-02
3.5225e-02
3.4120e-02
3.2717e-02
3.0994e-02
2.8907e-02
2.6423e-02
2.3553e-02
2.0355e-02
1.6921e-02
1.3378e-02
9.8847e-03
6.5881e-03
3.5827e-03
8.9761e-04
-1.4918e-03
-3.6315e-03
-5.5885e-03
-7.4363e-03
-9.2137e-03
-1.0908e-02
-1.2471e-02
-1.3863e-02
-1.5082e-02
-1.6151e-02
-1.7097e-02
-1.7954e-02
-1.8736e-02
-1.9418e-02
-1.9960e-02
-2.0327e-02
-2.0466e-02
-2.0324e-02
-1.9905e-02
-1.9253e-02
-1.8407e-02
-1.7373e-02
-1.6111e-02
-1.4565e-02
-1.2706e-02
-1.0556e-02
-8.1499e-03
-5.5230e-03
-2.7709e-03
-3.0887e-05
2.5889e-03
5.0479e-03
7.3631e-03
9.5409e-03
1.1577e-02
1.3510e-02
1.5426e-02
1.7430e-02
1.9601e-02
2.1954e-02
2.4439e-02
2.6965e-02
2.9435e-02
3.1758e-02
3.3857e-02
3.5675e-02
3.7168e-02
3.8289e-02
3.9037e-02
3.9462e-02
3.9603e-02
3.9493e-02
3.9195e-02
3.8758e-02
3.8172e-02
3.7417e-02
3.6506e-02
3.5485e-02
3.4417e-02
3.3351e-02
3.2320e-02
3.1370e-02
3.0578e-02
3.0002e-02
2.9614e-02
2.9347e-02
2.9160e-02
2.9041e-02
2.9004e-02
2.9086e-02
2.9345e-02
2.9840e-02
3.0616e-02
3.1681e-02
3.2997e-02
3.4490e-02
3.6081e-02
3.7695e-02
3.9273e-02
4.0811e-02
4.2322e-02
4.3775e-02
4.5146e-02
4.6474e-02
4.7815e-02
4.9213e-02
5.0685e-02
5.2188e-02
5.3611e-02
5.4851e-02
5.5854e-02
5.6586e-02
5.7032e-02
5.7202e-02
5.7108e-02
5.6742e-02
5.6091e-02
5.5144e-02
5.3899e-02
5.2342e-02
5.0439e-02
4.8153e-02
4.5472e-02
4.2422e-02
3.9058e-02
3.5424e-02
3.1540e-02
2.7414e-02
2.3089e-02
1.8610e-02
1.3996e-02
9.3086e-03
4.6764e-03
2.0582e-04
-4.0485e-03
-8.0580e-03
-1.1769e-02
-1.5103e-02
-1.8051e-02
-2.0665e-02
-2.2987e-02
-2.5053e-02
-2.6888e-02
-2.8489e-02
-2.9847e-02
-3.1000e-02
-3.2024e-02
-3.3001e-02
-3.4022e-02
-3.5154e-02
-3.6396e-02
-3.7691e-02
-3.8946e-02
-4.0008e-02
-4.0710e-02
-4.0981e-02
-4.0869e-02
-4.0500e-02
-4.0056e-02
-3.9714e-02
-3.9594e-02
-3.9728e-02
-4.0070e-02
-4.0561e-02
-4.1155e-02
-4.1787e-02
-4.2365e-02
-4.2812e-02
-4.3141e-02
-4.3456e-02
-4.3824e-02
-4.4230e-02
-4.4643e-02
-4.5047e-02
-4.5453e-02
-4.5870e-02
-4.6298e-02
-4.6767e-02
-4.7275e-02
-4.7750e-02
-4.8124e-02
-4.8386e-02
-4.8572e-02
-4.8706e-02
-4.8765e-02
-4.8735e-02
-4.8652e-02
-4.8545e-02
-4.8400e-02
-4.8143e-02
-4.7709e-02
-4.7071e-02
-4.6170e-02
-4.4930e-02
-4.3303e-02
-4.1276e-02
-3.8846e-02
-3.6048e-02
-3.2939e-02
-2.9561e-02
-2.5921e-02
-2.1999e-02
-1.7809e-02
-1.3439e-02
-9.0458e-03
-4.7966e-03
-7.8711e-04
2.9683e-03
6.5001e-03
9.8115e-03
1.2896e-02
1.5772e-02
1.8458e-02
2.0951e-02
2.3238e-02
2.5314e-02
2.7193e-02
2.8924e-02
3.0574e-02
3.2186e-02
3.3765e-02
3.5263e-02
3.6560e-02
3.7505e-02
3.8053e-02
3.8257e-02
3.8154e-02
3.7759e-02
3.7097e-02
3.6201e-02
3.5104e-02
3.3812e-02
3.2344e-02
3.0746e-02
2.9033e-02
2.7215e-02
2.5382e-02
2.3657e-02
2.2138e-02
2.0917e-02
2.0065e-02
1.9582e-02
1.9438e-02
1.9624e-02
2.0142e-02
2.0976e-02
2.2073e-02
2.3325e-02
2.4579e-02
2.5673e-02
2.6489e-02
2.6994e-02
2.7198e-02
2.7087e-02
2.6632e-02
2.5814e-02
2.4635e-02
2.3143e-02
2.1425e-02
1.9585e-02
1.7696e-02
1.5763e-02
1.3721e-02
1.1487e-02
9.0441e-03
6.4650e-03
3.8310e-03
1.2160e-03
-1.3126e-03
-3.7024e-03
-5.9288e-03
-8.0065e-03
-9.9950e-03
-1.1982e-02
-1.4039e-02
-1.6186e-02
-1.8388e-02
-2.0579e-02
-2.2689e-02
-2.4626e-02
-2.6288e-02
-2.7629e-02
-2.8692e-02
-2.9597e-02
-3.0475e-02
-3.1430e-02
-3.2559e-02
-3.3924e-02
-3.5502e-02
-3.7204e-02
-3.8902e-02
-4.0447e-02
-4.1710e-02
-4.2632e-02
-4.3219e-02
-4.3503e-02
-4.3521e-02
-4.3337e-02
-4.3066e-02
-4.2807e-02
-4.2604e-02
-4.2480e-02
-4.2453e-02
-4.2539e-02
-4.2746e-02
-4.3070e-02
-4.3493e-02
-4.3976e-02
-4.4460e-02
-4.4868e-02
-4.5150e-02
-4.5353e-02
-4.5555e-02
-4.5725e-02
-4.5820e-02
-4.5875e-02
-4.5892e-02
-4.5799e-02
-4.5524e-02
-4.5042e-02
-4.4378e-02
-4.3539e-02
-4.2487e-02
-4.1157e-02
-3.9509e-02
-3.7563e-02
-3.5385e-02
-3.3047e-02
-3.0596e-02
-2.8049e-02
-2.5412e-02
-2.2717e-02
-2.0020e-02
-1.7335e-02
-1.4621e-02
-1.1849e-02
-9.0410e-03
-6.2884e-03
-3.6838e-03
-1.3006e-03
7.5330e-04
2.3787e-03
3.5848e-03
4.4613e-03
5.1258e-03
5.7236e-03
6.4058e-03
7.2697e-03
8.3357e-03
9.5509e-03
1.0818e-02
1.2023e-02
1.3052e-02
1.3803e-02
1.4212e-02
1.4269e-02
1.4020e-02
1.3537e-02
1.2882e-02
1.2074e-02
1.1121e-02
1.0066e-02
8.9985e-03
8.0106e-03
7.1285e-03
6.3279e-03
5.6160e-03
5.0120e-03
4.5186e-03
4.1507e-03
3.9311e-03
3.8452e-03
3.8501e-03
3.9139e-03
4.0217e-03
4.1886e-03
4.4884e-03
5.0075e-03
5.7464e-03
6.6283e-03
7.5640e-03
8.5167e-03
9.4993e-03
1.0491e-02
1.1434e-02
1.2270e-02
1.2909e-02
1.3230e-02
1.3136e-02
1.2600e-02
1.1663e-02
1.0397e-02
8.8505e-03
7.0579e-03
5.0532e-03
2.8778e-03
5.6525e-04
-1.8716e-03
-4.3998e-03
-6.9405e-03
-9.4025e-03
-1.1704e-02
-1.3782e-02
-1.5599e-02
-1.7167e-02
-1.8542e-02
-1.9792e-02
-2.0921e-02
-2.1870e-02
-2.2579e-02
-2.3008e-02
-2.3151e-02
-2.3052e-02
-2.2776e-02
-2.2350e-02
-2.1811e-02
-2.1260e-02
-2.0791e-02
-2.0429e-02
-2.0129e-02
-1.9805e-02
-1.9375e-02
-1.8786e-02
-1.8016e-02
-1.7094e-02
-1.6080e-02
-1.5023e-02
-1.3959e-02
-1.2919e-02
-1.1957e-02
-1.1127e-02
-1.0401e-02
-9.6962e-03
-8.9644e-03
-8.2102e-03
-7.4679e-03
-6.7643e-03
-6.0982e-03
-5.4464e-03
-4.7938e-03
-4.1693e-03
-3.6436e-03
-3.2966e-03
-3.1627e-03
-3.2041e-03
-3.3248e-03
-3.4305e-03
-3.4790e-03
-3.4524e-03
-3.3384e-03
-3.1352e-03
-2.8535e-03
-2.5016e-03
-2.0583e-03
-1.4888e-03
-8.2293e-04
-1.3780e-04
5.3457e-04
1.2185e-03
1.9685e-03
2.8326e-03
3.8431e-03
5.0408e-03
6.4427e-03
7.9999e-03
9.6223e-03
1.1227e-02
1.2776e-02
1.4272e-02
1.5708e-02
1.7061e-02
1.8296e-02
1.9358e-02
2.0160e-02
2.0569e-02
2.0471e-02
1.9868e-02
1.8842e-02
1.7500e-02
1.5949e-02
1.4291e-02
1.2621e-02
1.0994e-02
9.4331e-03
7.9888e-03
6.7457e-03
5.7348e-03
4.9307e-03
4.3018e-03
3.8373e-03
3.5443e-03
3.4015e-03
3.3554e-03
3.3605e-03
3.3800e-03
3.3784e-03
3.3212e-03
3.1770e-03
2.9218e-03
2.5447e-03
2.0540e-03
1.4802e-03
8.6144e-04
2.1003e-04
-4.7960e-04
-1.1891e-03
-1.8933e-03
-2.5805e-03
-3.2151e-03
-3.7147e-03
-3.9715e-03
-3.9215e-03
-3.6103e-03
-3.1204e-03
-2.5011e-03
-1.8049e-03
-1.0902e-03
-3.8127e-04
3.1363e-04
9.7664e-04
1.6106e-03
2.2451e-03
2.8980e-03
3.5831e-03
4.3416e-03
5.2124e-03
6.2093e-03
7.3512e-03
8.6745e-03
1.0212e-02
1.1955e-02
1.3824e-02
1.5730e-02
1.7608e-02
1.9386e-02
2.0998e-02
2.2428e-02
2.3697e-02
2.4831e-02
2.5859e-02
2.6817e-02
2.7740e-02
2.8635e-02
2.9449e-02
3.0109e-02
3.0564e-02
3.0798e-02
3.0820e-02
3.0627e-02
3.0213e-02
2.9577e-02
2.8728e-02
2.7672e-02
2.6385e-02
2.4804e-02
2.2870e-02
2.0567e-02
1.7934e-02
1.4983e-02
1.1700e-02
8.1394e-03
4.4114e-03
6.2247e-04
-3.1012e-03
-6.6204e-03
-9.8662e-03
-1.2843e-02
-1.5555e-02
-1.8029e-02
-2.0332e-02
-2.2505e-02
-2.4536e-02
-2.6397e-02
-2.8046e-02
-2.9414e-02
-3.0445e-02
-3.1147e-02
-3.1568e-02
-3.1771e-02
-3.1800e-02
-3.1681e-02
-3.1431e-02
-3.1069e-02
-3.0618e-02
-3.0123e-02
-2.9648e-02
-2.9269e-02
-2.9035e-02
-2.8924e-02
-2.8848e-02
-2.8697e-02
-2.8428e-02
-2.8081e-02
-2.7735e-02
-2.7502e-02
-2.7501e-02
-2.7800e-02
-2.8396e-02
-2.9237e-02
-3.0223e-02
-3.1228e-02
-3.2164e-02
-3.3009e-02
-3.3730e-02
-3.4287e-02
-3.4674e-02
-3.4898e-02
-3.4965e-02
-3.4910e-02
-3.4779e-02
-3.4551e-02
-3.4157e-02
-3.3546e-02
-3.2738e-02
-3.1802e-02
-3.0763e-02
-2.9599e-02
-2.8344e-02
-2.7078e-02
-2.5897e-02
-2.4934e-02
-2.4308e-02
-2.3995e-02
-2.3875e-02
-2.3878e-02
-2.3949e-02
-2.3996e-02
-2.3968e-02
-2.3891e-02
-2.3826e-02
-2.3847e-02
-2.4011e-02
-2.4319e-02
-2.4682e-02
-2.4960e-02
-2.5039e-02
-2.4912e-02
-2.4645e-02
-2.4265e-02
-2.3781e-02
-2.3232e-02
-2.2679e-02
-2.2174e-02
-2.1713e-02
-2.1221e-02
-2.0585e-02
-1.9729e-02
-1.8660e-02
-1.7413e-02
-1.6023e-02
-1.4529e-02
-1.2983e-02
-1.1450e-02
-1.0000e-02
-8.6904e-03
-7.5239e-03
-6.4713e-03
-5.5473e-03
-4.8019e-03
-4.2673e-03
-3.9443e-03
-3.8120e-03
-3.8527e-03
-4.0613e-03
-4.4333e-03
-4.9520e-03
-5.5802e-03
-6.2560e-03
-6.9087e-03
-7.5009e-03
-8.0522e-03
-8.6331e-03
-9.3302e-03
-1.0195e-02
-1.1227e-02
-1.2379e-02
-1.3589e-02
-1.4794e-02
-1.5935e-02
-1.6963e-02
-1.7846e-02
-1.8576e-02
-1.9160e-02
-1.9589e-02
-1.9850e-02
-1.9970e-02
-2.0006e-02
-2.0006e-02
-2.0008e-02
-2.0043e-02
-2.0134e-02
-2.0289e-02
-2.0504e-02
-2.0755e-02
-2.1002e-02
-2.1193e-02
-2.1286e-02
-2.1287e-02
-2.1228e-02
-2.1094e-02
-2.0863e-02
-2.0564e-02
-2.0222e-02
-1.9814e-02
-1.9313e-02
-1.8718e-02
-1.8049e-02
-1.7328e-02
-1.6562e-02
-1.5777e-02
-1.5031e-02
-1.4379e-02
-1.3876e-02
-1.3604e-02
-1.3636e-02
-1.3993e-02
-1.4658e-02
-1.5581e-02
-1.6683e-02
-1.7885e-02
-1.9180e-02
-2.0578e-02
-2.2031e-02
-2.3457e-02
-2.4763e-02
-2.5847e-02
-2.6603e-02
-2.6942e-02
-2.6812e-02
-2.6200e-02
-2.5117e-02
-2.3610e-02
-2.1773e-02
-1.9719e-02
-1.7540e-02
-1.5272e-02
-1.2895e-02
-1.0368e-02
-7.6897e-03
-4.9343e-03
-2.2488e-03
2.1213e-04
2.3589e-03
4.1569e-03
5.6176e-03
6.8009e-03
7.7693e-03
8.5374e-03
9.1136e-03
9.5373e-03
9.8783e-03
1.0209e-02
1.0574e-02
1.0986e-02
1.1453e-02
1.2001e-02
1.2622e-02
1.3227e-02
1.3722e-02
1.4069e-02
1.4286e-02
1.4421e-02
1.4517e-02
1.4605e-02
1.4701e-02
1.4801e-02
1.4877e-02
1.4874e-02
1.4721e-02
1.4341e-02
1.3672e-02
1.2686e-02
1.1414e-02
9.9500e-03
8.4199e-03
6.8942e-03
5.3999e-03
3.9617e-03
2.6046e-03
1.3532e-03
2.4083e-04
-6.6842e-04
-1.2872e-03
-1.5938e-03
-1.6723e-03
-1.6528e-03
-1.6154e-03
-1.5337e-03
-1.3817e-03
-1.2142e-03
-1.1389e-03
-1.2199e-03
-1.4066e-03
-1.6269e-03
-1.8218e-03
-1.8857e-03
-1.7415e-03
-1.4257e-03
-9.9714e-04
-4.8364e-04
8.0448e-05
6.7054e-04
1.2987e-03
1.9763e-03
2.6850e-03
3.3833e-03
4.0395e-03
4.6695e-03
5.3372e-03
6.1212e-03
7.0600e-03
8.1300e-03
9.2580e-03
1.0355e-02
1.1344e-02
1.2173e-02
1.2825e-02
1.3329e-02
1.3757e-02
1.4178e-02
1.4578e-02
1.4898e-02
1.5096e-02
1.5133e-02
1.4952e-02
1.4508e-02
1.3820e-02
1.2991e-02
1.2148e-02
1.1383e-02
1.0740e-02
1.0218e-02
9.7690e-03
9.3412e-03
8.9101e-03
8.4867e-03
8.1184e-03
7.8726e-03
7.7946e-03
7.8838e-03
8.1202e-03
8.4693e-03
8.8741e-03
9.2558e-03
9.5396e-03
9.7005e-03
9.7635e-03
9.7625e-03
9.7362e-03
9.7303e-03
9.7921e-03
9.9631e-03
1.0271e-02
1.0720e-02
1.1287e-02
1.1919e-02
1.2560e-02
1.3188e-02
1.3803e-02
1.4401e-02
1.5011e-02
1.5692e-02
1.6493e-02
1.7453e-02
1.8613e-02
1.9971e-02
2.1464e-02
2.2999e-02
2.4473e-02
2.5773e-02
2.6799e-02
2.7500e-02
2.7934e-02
2.8227e-02
2.8494e-02
2.8825e-02
2.9275e-02
2.9859e-02
3.0538e-02
3.1237e-02
3.1882e-02
3.2446e-02
3.2949e-02
3.3441e-02
3.3949e-02
3.4468e-02
3.4961e-02
3.5365e-02
3.5642e-02
3.5849e-02
3.6055e-02
3.6246e-02
3.6364e-02
3.6337e-02
3.6102e-02
3.5649e-02
3.5052e-02
3.4430e-02
3.3880e-02
3.3389e-02
3.2879e-02
3.2285e-02
3.1571e-02
3.0734e-02
2.9809e-02
2.8843e-02
2.7858e-02
2.6846e-02
2.5771e-02
2.4585e-02
2.3257e-02
2.1819e-02
2.0338e-02
1.8889e-02
1.7549e-02
1.6360e-02
1.5307e-02
1.4372e-02
1.3569e-02
1.2897e-02
1.2320e-02
1.1782e-02
1.1236e-02
1.0682e-02
1.0166e-02
9.7475e-03
9.4616e-03
9.3114e-03
9.2940e-03
9.3693e-03
9.4465e-03
9.4519e-03
9.3709e-03
9.2171e-03
9.0166e-03
8.8042e-03
8.5962e-03
8.3763e-03
8.1513e-03
7.9747e-03
7.8736e-03
7.8256e-03
7.8034e-03
7.7899e-03
7.7866e-03
7.8381e-03
8.0127e-03
8.3008e-03
8.6194e-03
8.9608e-03
9.3730e-03
9.8351e-03
1.0298e-02
1.0754e-02
1.1207e-02
1.1666e-02
1.2178e-02
1.2813e-02
1.3613e-02
1.4567e-02
1.5614e-02
1.6669e-02
1.7653e-02
1.8508e-02
1.9214e-02
1.9782e-02
2.0242e-02
2.0613e-02
2.0923e-02
2.1200e-02
2.1414e-02
2.1479e-02
2.1348e-02
2.1032e-02
2.0582e-02
2.0114e-02
1.9808e-02
1.9794e-02
2.0084e-02
2.0627e-02
2.1325e-02
2.2036e-02
2.2605e-02
2.2915e-02
2.2917e-02
2.2623e-02
2.2082e-02
2.1348e-02
2.0443e-02
1.9386e-02
1.8222e-02
1.7004e-02
1.5766e-02
1.4521e-02
1.3274e-02
1.2023e-02
1.0768e-02
9.5236e-03
8.3452e-03
7.3314e-03
6.5464e-03
5.9674e-03
5.5091e-03
5.0614e-03
4.5257e-03
3.8163e-03
2.8790e-03
1.8075e-03
8.3321e-04
5.8187e-05
-5.9870e-04
-1.1787e-03
-1.6709e-03
-2.1029e-03
-2.5168e-03
-2.9236e-03
-3.3018e-03
-3.6202e-03
-3.8793e-03
-4.1050e-03
-4.3065e-03
-4.4730e-03
-4.5813e-03
-4.6031e-03
-4.5253e-03
-4.3817e-03
-4.2310e-03
-4.0928e-03
-3.9606e-03
-3.8331e-03
-3.7153e-03
-3.6155e-03
-3.5451e-03
-3.5165e-03
-3.5384e-03
-3.6075e-03
-3.6900e-03
-3.6904e-03
-3.4756e-03
-2.9687e-03
-2.1762e-03
-1.1506e-03
2.6252e-05
1.2498e-03
2.3643e-03
3.1913e-03
3.6362e-03
3.6978e-03
3.4138e-03
2.9160e-03
2.4320e-03
2.1064e-03
1.9427e-03
1.9510e-03
2.1466e-03
2.4596e-03
2.7894e-03
3.0766e-03
3.2744e-03
3.3248e-03
3.1670e-03
2.7499e-03
2.0454e-03
1.0635e-03
-1.3538e-04
-1.4417e-03
-2.7578e-03
-4.1065e-03
-5.5511e-03
-7.0179e-03
-8.3469e-03
-9.4105e-03
-1.0175e-02
-1.0700e-02
-1.1066e-02
-1.1365e-02
-1.1698e-02
-1.2142e-02
-1.2736e-02
-1.3548e-02
-1.4683e-02
-1.6203e-02
-1.8107e-02
-2.0324e-02
-2.2658e-02
-2.4822e-02
-2.6662e-02
-2.8199e-02
-2.9458e-02
-3.0476e-02
-3.1387e-02
-3.2313e-02
-3.3270e-02
-3.4213e-02
-3.5086e-02
-3.5833e-02
-3.0664e-02
-3.0949e-02
-3.0854e-02
-3.0234e-02
-2.8890e-02
-2.6651e-02
-2.3512e-02
-1.9656e-02
-1.5390e-02
-1.1071e-02
-7.0369e-03
-3.5400e-03
-7.0332e-04
1.5072e-03
3.2481e-03
4.6951e-03
5.9388e-03
6.9657e-03
7.8029e-03
8.5676e-03
9.3905e-03
1.0374e-02
1.1572e-02
1.3003e-02
1.4657e-02
1.6449e-02
1.8240e-02
1.9923e-02
2.1405e-02
2.2595e-02
2.3439e-02
2.3985e-02
2.4425e-02
2.4938e-02
2.5548e-02
2.6161e-02
2.6637e-02
2.6836e-02
2.6632e-02
2.5929e-02
2.4691e-02
2.2949e-02
2.0773e-02
1.8293e-02
1.5696e-02
1.3198e-02
1.0982e-02
9.1315e-03
7.6216e-03
6.3823e-03
5.4260e-03
4.8133e-03
4.4822e-03
4.2995e-03
4.1659e-03
4.0179e-03
3.8210e-03
3.5727e-03
3.3046e-03
3.0791e-03
2.9786e-03
3.0690e-03
3.3527e-03
3.7873e-03
4.3381e-03
5.0206e-03
5.9278e-03
7.2137e-03
8.9566e-03
1.1059e-02
1.3346e-02
1.5611e-02
1.7613e-02
1.9200e-02
2.0393e-02
2.1242e-02
2.1766e-02
2.2003e-02
2.1999e-02
2.1776e-02
2.1342e-02
2.0745e-02
2.0147e-02
1.9831e-02
2.0112e-02
2.1170e-02
2.2900e-02
2.4883e-02
2.6675e-02
2.8096e-02
2.9124e-02
2.9786e-02
3.0105e-02
3.0132e-02
2.9973e-02
2.9741e-02
2.9533e-02
2.9423e-02
2.9453e-02
2.9632e-02
2.9929e-02
3.0279e-02
3.0592e-02
3.0793e-02
3.0848e-02
3.0739e-02
3.0479e-02
3.0133e-02
2.9772e-02
2.9417e-02
2.9071e-02
2.8735e-02
2.8413e-02
2.8113e-02
2.7846e-02
2.7633e-02
2.7499e-02
2.7473e-02
2.7573e-02
2.7802e-02
2.8135e-02
2.8513e-02
2.8854e-02
2.9085e-02
2.9180e-02
2.9170e-02
2.9119e-02
2.9079e-02
2.9082e-02
2.9133e-02
2.9198e-02
2.9211e-02
2.9080e-02
2.8734e-02
2.8145e-02
2.7313e-02
2.6264e-02
2.5045e-02
2.3706e-02
2.2273e-02
2.0754e-02
1.9140e-02
1.7421e-02
1.5595e-02
1.3681e-02
1.1729e-02
9.8248e-03
8.0648e-03
6.4964e-03
5.1102e-03
3.9215e-03
2.9605e-03
2.2052e-03
1.6212e-03
1.1901e-03
8.7563e-04
6.2469e-04
4.0217e-04
1.9239e-04
-5.7623e-06
-1.8196e-04
-3.1849e-04
-3.9678e-04
-4.0396e-04
-3.4182e-04
-2.3265e-04
-1.2357e-04
-8.4608e-05
-1.9927e-04
-5.3384e-04
-1.0939e-03
-1.8256e-03
-2.6533e-03
-3.5072e-03
-4.3371e-03
-5.1034e-03
-5.7669e-03
-6.2977e-03
-6.7296e-03
-7.1595e-03
-7.6658e-03
-8.2534e-03
-8.8481e-03
-9.3641e-03
-9.7554e-03
-1.0012e-02
-1.0150e-02
-1.0197e-02
-1.0180e-02
-1.0114e-02
-9.9772e-03
-9.7569e-03
-9.4915e-03
-9.2424e-03
-9.0381e-03
-8.8280e-03
-8.5406e-03
-8.1455e-03
-7.6142e-03
-6.9129e-03
-6.0427e-03
-5.0323e-03
-3.9295e-03
-2.8333e-03
-1.8636e-03
-1.0789e-03
-5.1770e-04
-2.4323e-04
-2.9015e-04
-6.5183e-04
-1.3220e-03
-2.2852e-03
-3.4970e-03
-4.8756e-03
-6.3248e-03
-7.7768e-03
-9.1782e-03
-1.0481e-02
-1.1682e-02
-1.2816e-02
-1.3913e-02
-1.4995e-02
-1.6066e-02
-1.7116e-02
-1.8122e-02
-1.9055e-02
-1.9906e-02
-2.0699e-02
-2.1467e-02
-2.2219e-02
-2.2931e-02
-2.3567e-02
-2.4115e-02
-2.4550e-02
-2.4819e-02
-2.4880e-02
-2.4718e-02
-2.4350e-02
-2.3795e-02
-2.3073e-02
-2.2250e-02
-2.1425e-02
-2.0662e-02
-1.9995e-02
-1.9450e-02
-1.8989e-02
-1.8508e-02
-1.7940e-02
-1.7284e-02
-1.6567e-02
-1.5818e-02
-1.5054e-02
-1.4314e-02
-1.3659e-02
-1.3122e-02
-1.2719e-02
-1.2482e-02
-1.2432e-02
-1.2550e-02
-1.2777e-02
-1.3023e-02
-1.3210e-02
-1.3314e-02
-1.3375e-02
-1.3465e-02
-1.3626e-02
-1.3841e-02
-1.4072e-02
-1.4330e-02
-1.4638e-02
-1.4998e-02
-1.5384e-02
-1.5749e-02
-1.6042e-02
-1.6237e-02
-1.6357e-02
-1.6442e-02
-1.6526e-02
-1.6634e-02
-1.6777e-02
-1.6950e-02
-1.7132e-02
-1.7291e-02
-1.7411e-02
-1.7486e-02
-1.7511e-02
-1.7493e-02
-1.7453e-02
-1.7401e-02
-1.7331e-02
-1.7251e-02
-1.7175e-02
-1.7095e-02
-1.7005e-02
-1.6926e-02
-1.6881e-02
-1.6876e-02
-1.6888e-02
-1.6890e-02
-1.6872e-02
-1.6829e-02
-1.6754e-02
-1.6640e-02
-1.6484e-02
-1.6293e-02
-1.6100e-02
-1.5953e-02
-1.5886e-02
-1.5894e-02
-1.5945e-02
-1.5996e-02
-1.6027e-02
-1.6041e-02
-1.6054e-02
-1.6084e-02
-1.6140e-02
-1.6220e-02
-1.6312e-02
-1.6395e-02
-1.6454e-02
-1.6491e-02
-1.6516e-02
-1.6542e-02
-1.6570e-02
-1.6589e-02
-1.6585e-02
-1.6557e-02
-1.6517e-02
-1.6488e-02
-1.6495e-02
-1.6544e-02
-1.6629e-02
-1.6728e-02
-1.6821e-02
-1.6890e-02
-1.6919e-02
-1.6900e-02
-1.6830e-02
-1.6716e-02
-1.6568e-02
-1.6390e-02
-1.6188e-02
-1.5974e-02
-1.5760e-02
-1.5551e-02
-1.5345e-02
-1.5144e-02
-1.4958e-02
-1.4795e-02
-1.4658e-02
-1.4539e-02
-1.4423e-02
-1.4303e-02
-1.4173e-02
-1.4032e-02
-1.3871e-02
-1.3677e-02
-1.3440e-02
-1.3160e-02
-1.2845e-02
-1.2508e-02
-1.2160e-02
-1.1810e-02
-1.1466e-02
-1.1132e-02
-1.0813e-02
-1.0510e-02
-1.0221e-02
-9.9414e-03
-9.6646e-03
-9.3813e-03
-9.0829e-03
-8.7671e-03
-8.4420e-03
-8.1207e-03
-7.8127e-03
-7.5185e-03
-7.2340e-03
-6.9594e-03
-6.6931e-03
-6.4250e-03
-6.1475e-03
-5.8601e-03
-5.5642e-03
-5.2621e-03
-4.9580e-03
-4.6570e-03
-4.3633e-03
-4.0761e-03
-3.7928e-03
-3.5175e-03
-3.2560e-03
-3.0080e-03
-2.7704e-03
-2.5401e-03
-2.3141e-03
-2.0893e-03
-1.8625e-03
-1.6312e-03
-1.3938e-03
-1.1502e-03
-9.0226e-04
-6.5337e-04
-4.0675e-04
-1.6322e-04
7.6204e-05
3.0902e-04
5.3363e-04
7.4903e-04
9.5208e-04
1.1396e-03
1.3113e-03
1.4705e-03
1.6224e-03
1.7712e-03
1.9192e-03
2.0669e-03
2.2125e-03
2.3536e-03
2.4886e-03
2.6176e-03
2.7402e-03
2.8565e-03
2.9688e-03
3.0798e-03
3.1903e-03
3.2997e-03
3.4053e-03
3.5040e-03
3.5944e-03
3.6786e-03
3.7598e-03
3.8396e-03
3.9182e-03
3.9941e-03
4.0649e-03
4.1286e-03
4.1841e-03
4.2325e-03
4.2755e-03
4.3148e-03
4.3518e-03
4.3874e-03
4.4221e-03
4.4560e-03
4.4886e-03
4.5191e-03
4.5467e-03
4.5715e-03
4.5939e-03
4.6142e-03
4.6320e-03
4.6477e-03
4.6621e-03
4.6748e-03
4.6853e-03
4.6931e-03
4.6981e-03
4.7009e-03
4.7024e-03
4.7037e-03
4.7053e-03
4.7076e-03
4.7106e-03
4.7138e-03
4.7172e-03
4.7207e-03
4.7246e-03
4.7288e-03
4.7328e-03
4.7364e-03
4.7393e-03
4.7418e-03
4.7439e-03
4.7457e-03
4.7469e-03
4.7470e-03
4.7456e-03
4.7425e-03
4.7375e-03
4.7310e-03
4.7232e-03
4.7143e-03
4.7041e-03
4.6928e-03
4.6802e-03
4.6666e-03
4.6521e-03
4.6366e-03
4.6203e-03
4.6029e-03
4.5846e-03
4.5652e-03
4.5447e-03
4.5231e-03
4.5002e-03
4.4761e-03
4.4507e-03
4.4242e-03
4.3966e-03
4.3681e-03
4.3388e-03
4.3088e-03
4.2781e-03
4.2469e-03
4.2151e-03
4.1828e-03
4.1500e-03
4.1166e-03
4.0827e-03
4.0481e-03
4.0130e-03
3.9773e-03
3.9411e-03
3.9045e-03
3.8673e-03
3.8297e-03
3.7918e-03
3.7534e-03
3.7147e-03
3.6756e-03
3.6361e-03
3.5963e-03
3.5562e-03
3.5158e-03
3.4750e-03
3.4339e-03
3.3926e-03
3.3509e-03
3.3089e-03
3.2666e-03
3.2241e-03
3.1812e-03
3.1381e-03
3.0946e-03
3.0509e-03
3.0069e-03
2.9626e-03
2.9180e-03
2.8732e-03
2.8281e-03
2.7827e-03
2.7371e-03
