2.7734e-03
2.7689e-03
2.7649e-03
2.7612e-03
2.7577e-03
2.7542e-03
2.7505e-03
2.7466e-03
2.7426e-03
2.7386e-03
2.7345e-03
2.7304e-03
2.7266e-03
2.7231e-03
2.7203e-03
2.7180e-03
2.7155e-03
2.7120e-03
2.7073e-03
2.7004e-03
2.6894e-03
2.6736e-03
2.6536e-03
2.6311e-03
2.6088e-03
2.5913e-03
2.5834e-03
2.5887e-03
2.6074e-03
2.6351e-03
2.6639e-03
2.6863e-03
2.6974e-03
2.6960e-03
2.6826e-03
2.6554e-03
2.6134e-03
2.5591e-03
2.4977e-03
2.4351e-03
2.3750e-03
2.3199e-03
2.2725e-03
2.2274e-03
2.1707e-03
2.0987e-03
2.0229e-03
1.9531e-03
1.8899e-03
1.8239e-03
1.7469e-03
1.6599e-03
1.5694e-03
1.4873e-03
1.4377e-03
1.4462e-03
1.5236e-03
1.6569e-03
1.8163e-03
1.9840e-03
2.1613e-03
2.3594e-03
2.5848e-03
2.8295e-03
3.0752e-03
3.2961e-03
3.4540e-03
3.5133e-03
3.4667e-03
3.3372e-03
3.1602e-03
2.9612e-03
2.7532e-03
2.5569e-03
2.3905e-03
2.2417e-03
2.0775e-03
1.8722e-03
1.6365e-03
1.4146e-03
1.2444e-03
1.1418e-03
1.1044e-03
1.1277e-03
1.2181e-03
1.3778e-03
1.5892e-03
1.8142e-03
2.0261e-03
2.2465e-03
2.5072e-03
2.8092e-03
3.1188e-03
3.3833e-03
3.5620e-03
3.6396e-03
3.6242e-03
3.5257e-03
3.3461e-03
3.0975e-03
2.8064e-03
2.4951e-03
2.1719e-03
1.8310e-03
1.4777e-03
1.1392e-03
8.4544e-04
6.3093e-04
5.4090e-04
5.9475e-04
7.7076e-04
1.0594e-03
1.4795e-03
2.0383e-03
2.6934e-03
3.3426e-03
3.8612e-03
4.1435e-03
4.1035e-03
3.7031e-03
2.9940e-03
2.0854e-03
1.0644e-03
7.5024e-06
-1.0047e-03
-1.8968e-03
-2.5689e-03
-2.8618e-03
-2.6673e-03
-2.0318e-03
-1.1075e-03
-8.0577e-05
8.8376e-04
1.6326e-03
2.0137e-03
1.9100e-03
1.2741e-03
1.4053e-04
-1.3637e-03
-3.0488e-03
-4.7460e-03
-6.3950e-03
-7.9140e-03
-9.1460e-03
-1.0008e-02
-1.0481e-02
-1.0478e-02
-9.9095e-03
-8.7815e-03
-7.1890e-03
-5.2866e-03
-3.2310e-03
-1.1918e-03
6.4066e-04
2.0605e-03
2.8870e-03
3.0483e-03
2.6228e-03
1.7874e-03
7.3141e-04
-4.7092e-04
-1.8378e-03
-3.3879e-03
-5.0283e-03
-6.5373e-03
-7.6673e-03
-8.2797e-03
-8.4384e-03
-8.3373e-03
-8.1939e-03
-8.1381e-03
-8.1438e-03
-8.0003e-03
-7.4466e-03
-6.3362e-03
-4.7208e-03
-2.8483e-03
-1.0391e-03
4.7769e-04
1.6820e-03
2.5792e-03
3.0686e-03
3.0294e-03
2.4377e-03
1.4405e-03
3.0926e-04
-6.6499e-04
-1.2132e-03
-1.1354e-03
-3.7238e-04
9.3950e-04
2.4806e-03
3.8479e-03
4.7095e-03
4.9389e-03
4.5809e-03
3.6823e-03
2.3041e-03
5.3794e-04
-1.5484e-03
-3.8687e-03
-6.1552e-03
-7.9513e-03
-8.8178e-03
-8.6657e-03
-7.8864e-03
-6.9524e-03
-6.1929e-03
-5.8525e-03
-6.0621e-03
-6.7528e-03
-7.6724e-03
-8.5034e-03
-9.0534e-03
-9.2874e-03
-9.2329e-03
-8.9694e-03
-8.6014e-03
-8.1504e-03
-7.5377e-03
-6.6954e-03
-5.5602e-03
-4.0182e-03
-2.0544e-03
1.3029e-04
2.1633e-03
3.6378e-03
4.3033e-03
4.1103e-03
3.1862e-03
1.7896e-03
2.2101e-04
-1.3259e-03
-2.7141e-03
-3.8214e-03
-4.5974e-03
-5.0137e-03
-4.9316e-03
-4.1797e-03
-2.6792e-03
-5.1045e-04
2.0774e-03
4.7686e-03
7.2593e-03
9.3798e-03
1.1170e-02
1.2810e-02
1.4414e-02
1.5961e-02
1.7284e-02
1.8112e-02
1.8172e-02
1.7310e-02
1.5581e-02
1.3237e-02
1.0643e-02
8.1165e-03
5.7524e-03
3.5469e-03
1.6163e-03
1.9913e-04
-4.4283e-04
-1.6307e-04
9.6504e-04
2.6681e-03
4.6068e-03
6.4795e-03
7.9746e-03
8.8441e-03
9.0588e-03
8.6928e-03
7.7930e-03
6.4288e-03
4.8013e-03
3.2792e-03
2.2369e-03
1.8679e-03
2.1830e-03
2.9778e-03
3.8162e-03
4.2438e-03
4.0295e-03
3.1351e-03
1.6608e-03
-1.9374e-04
-2.1865e-03
-4.1258e-03
-5.8940e-03
-7.3959e-03
-8.4814e-03
-9.0264e-03
-9.0586e-03
-8.7510e-03
-8.3004e-03
-7.7252e-03
-6.8915e-03
-5.6580e-03
-4.0380e-03
-2.2089e-03
-3.2697e-04
1.4432e-03
2.8115e-03
3.4120e-03
2.9958e-03
1.6851e-03
-1.6762e-04
-2.3807e-03
-4.8603e-03
-7.4865e-03
-1.0163e-02
-1.2734e-02
-1.4839e-02
-1.5964e-02
-1.5660e-02
-1.3888e-02
-1.1003e-02
-7.3424e-03
-3.1984e-03
1.1692e-03
5.5571e-03
9.7575e-03
1.3485e-02
1.6381e-02
1.8097e-02
1.8443e-02
1.7355e-02
1.4734e-02
1.0760e-02
6.0065e-03
9.9365e-04
-4.0627e-03
-9.2282e-03
-1.4409e-02
-1.9030e-02
-2.2241e-02
-2.3450e-02
-2.2844e-02
-2.1066e-02
-1.8665e-02
-1.5920e-02
-1.2945e-02
-9.8518e-03
-6.8126e-03
-4.0250e-03
-1.6379e-03
2.9596e-04
1.8025e-03
2.8601e-03
3.3722e-03
3.3457e-03
2.8879e-03
2.0510e-03
9.1075e-04
-3.9405e-04
-1.7534e-03
-3.0353e-03
-4.0202e-03
-4.5481e-03
-4.5929e-03
-4.1335e-03
-3.1192e-03
-1.4877e-03
7.8399e-04
3.6266e-03
6.8609e-03
1.0230e-02
1.3528e-02
1.6694e-02
1.9749e-02
2.2588e-02
2.4937e-02
2.6443e-02
2.6817e-02
2.5967e-02
2.4057e-02
2.1396e-02
1.8238e-02
1.4860e-02
1.1640e-02
8.9963e-03
7.2742e-03
6.5687e-03
6.6016e-03
6.8436e-03
6.8919e-03
6.5058e-03
5.5580e-03
4.0854e-03
2.3447e-03
8.0777e-04
-3.5808e-05
8.5975e-05
1.2034e-03
3.1433e-03
5.6097e-03
8.2168e-03
1.0607e-02
1.2616e-02
1.4186e-02
1.5095e-02
1.5071e-02
1.3998e-02
1.2006e-02
9.3594e-03
6.2063e-03
2.7718e-03
-5.0160e-04
-3.1617e-03
-4.9048e-03
-5.6638e-03
-5.7099e-03
-5.5420e-03
-5.4771e-03
-5.5613e-03
-5.7492e-03
-5.9637e-03
-6.1103e-03
-6.0973e-03
-5.8574e-03
-5.3706e-03
-4.6863e-03
-3.9084e-03
-3.1322e-03
-2.4276e-03
-1.8551e-03
-1.4645e-03
-1.2803e-03
-1.2808e-03
-1.4177e-03
-1.6693e-03
-2.0051e-03
-2.3391e-03
-2.5206e-03
-2.3953e-03
-1.9181e-03
-1.1448e-03
-1.7895e-04
8.5148e-04
1.7816e-03
2.4051e-03
2.5463e-03
2.1132e-03
1.0330e-03
-7.0779e-04
-2.9418e-03
-5.3123e-03
-7.3816e-03
-8.7451e-03
-9.0348e-03
-7.8352e-03
-4.8251e-03
-8.0877e-06
6.0758e-03
1.2565e-02
1.8948e-02
2.4952e-02
3.0189e-02
3.4023e-02
3.5749e-02
3.5054e-02
3.2225e-02
2.7961e-02
2.2906e-02
1.7419e-02
1.1734e-02
6.2262e-03
1.4647e-03
-2.1007e-03
-4.3431e-03
-5.3414e-03
-5.3551e-03
-4.7621e-03
-4.0038e-03
-3.4602e-03
-3.2671e-03
-3.3512e-03
-3.5410e-03
-3.5864e-03
-3.2510e-03
-2.4979e-03
-1.4595e-03
-2.9137e-04
8.1166e-04
1.5928e-03
1.7794e-03
1.2129e-03
-1.4723e-05
-1.6023e-03
-3.1670e-03
-4.3834e-03
-5.0776e-03
-5.2740e-03
-5.0992e-03
-4.6719e-03
-4.0857e-03
-3.4521e-03
-2.9302e-03
-2.6730e-03
-2.7517e-03
-3.1215e-03
-3.6309e-03
-4.0685e-03
-4.1612e-03
-3.6322e-03
-2.3582e-03
-4.4757e-04
1.8140e-03
4.0865e-03
6.0911e-03
7.5890e-03
8.3792e-03
8.3458e-03
7.4917e-03
5.9266e-03
3.8155e-03
1.2523e-03
-1.9168e-03
-5.8182e-03
-1.0303e-02
-1.5055e-02
-1.9729e-02
-2.4084e-02
-2.7950e-02
-3.1183e-02
-3.3640e-02
-3.5154e-02
-3.5490e-02
-3.4475e-02
-3.2137e-02
-2.8750e-02
-2.4690e-02
-2.0080e-02
-1.4895e-02
-9.2093e-03
-3.3921e-03
1.9914e-03
6.5864e-03
1.0387e-02
1.3630e-02
1.6437e-02
1.8691e-02
2.0118e-02
2.0460e-02
1.9621e-02
1.7688e-02
1.4909e-02
1.1556e-02
7.8846e-03
4.0495e-03
5.9109e-06
-4.1777e-03
-7.9643e-03
-1.0778e-02
-1.2424e-02
-1.3018e-02
-1.2840e-02
-1.2131e-02
-1.1088e-02
-9.8972e-03
-8.7410e-03
-7.7988e-03
-7.1975e-03
-7.0003e-03
-7.2452e-03
-8.0141e-03
-9.2961e-03
-1.0825e-02
-1.2155e-02
-1.2878e-02
-1.2864e-02
-1.2140e-02
-1.0656e-02
-8.4015e-03
-5.5242e-03
-2.2768e-03
9.9961e-04
3.9249e-03
6.0812e-03
7.1469e-03
7.1305e-03
6.2504e-03
4.6825e-03
2.6319e-03
3.5680e-04
-1.9699e-03
-4.1905e-03
-6.0729e-03
-7.3167e-03
-7.6382e-03
-6.9038e-03
-5.2452e-03
-3.0401e-03
-7.3598e-04
1.2968e-03
2.8450e-03
3.7356e-03
3.7714e-03
2.9199e-03
1.3969e-03
-4.9282e-04
-2.5715e-03
-4.8752e-03
-7.3251e-03
-9.6593e-03
-1.1714e-02
-1.3459e-02
-1.4943e-02
-1.6227e-02
-1.7333e-02
-1.8211e-02
-1.8716e-02
-1.8631e-02
-1.7800e-02
-1.6274e-02
-1.4365e-02
-1.2484e-02
-1.0986e-02
-1.0250e-02
-1.0652e-02
-1.2384e-02
-1.5262e-02
-1.8738e-02
-2.2242e-02
-2.5289e-02
-2.7435e-02
-2.8203e-02
-2.7227e-02
-2.4676e-02
-2.1128e-02
-1.6967e-02
-1.2464e-02
-7.9366e-03
-3.6897e-03
3.0568e-05
3.1264e-03
5.6832e-03
7.8795e-03
9.7451e-03
1.1195e-02
1.2212e-02
1.2836e-02
1.3087e-02
1.2967e-02
1.2477e-02
1.1614e-02
1.0437e-02
9.0667e-03
7.5702e-03
5.9530e-03
4.2224e-03
2.4332e-03
6.8299e-04
-9.4495e-04
-2.3571e-03
-3.3780e-03
-3.8056e-03
-3.5198e-03
-2.5868e-03
-1.2567e-03
1.9274e-04
1.6033e-03
2.9927e-03
4.4057e-03
5.7707e-03
6.8605e-03
7.4605e-03
7.5054e-03
7.0168e-03
6.1372e-03
5.1731e-03
4.4620e-03
4.2769e-03
4.9255e-03
6.6091e-03
9.1444e-03
1.2028e-02
1.4728e-02
1.7013e-02
1.8880e-02
2.0209e-02
2.0724e-02
2.0121e-02
1.8326e-02
1.5575e-02
1.2236e-02
8.6295e-03
4.9348e-03
1.3342e-03
-1.7850e-03
-3.7864e-03
-4.2019e-03
-3.1061e-03
-1.0435e-03
1.3110e-03
3.6292e-03
5.7134e-03
7.2827e-03
8.1210e-03
8.0940e-03
7.0741e-03
5.0944e-03
2.3863e-03
-8.6278e-04
-4.4983e-03
-8.2643e-03
-1.1796e-02
-1.4752e-02
-1.7000e-02
-1.8531e-02
-1.9204e-02
-1.8890e-02
-1.7677e-02
-1.5937e-02
-1.4171e-02
-1.2664e-02
-1.1513e-02
-1.0774e-02
-1.0576e-02
-1.1012e-02
-1.1939e-02
-1.3125e-02
-1.4471e-02
-1.5993e-02
-1.7740e-02
-1.9702e-02
-2.1731e-02
-2.3543e-02
-2.4843e-02
-2.5409e-02
-2.5017e-02
-2.3462e-02
-2.0674e-02
-1.6746e-02
-1.1844e-02
-6.1583e-03
1.0891e-05
6.0174e-03
1.1148e-02
1.5328e-02
1.8729e-02
2.1153e-02
2.2255e-02
2.1883e-02
2.0231e-02
1.7691e-02
1.4433e-02
1.0590e-02
6.5443e-03
2.9861e-03
6.3177e-04
-4.0984e-04
-7.3927e-04
-1.3015e-03
-3.0390e-03
-6.5135e-03
-1.1721e-02
-1.8138e-02
-2.5009e-02
-3.1615e-02
-3.7586e-02
-4.2798e-02
-4.7139e-02
-5.0353e-02
-5.2116e-02
-5.2329e-02
-5.1140e-02
-4.8704e-02
-4.5104e-02
-4.0440e-02
-3.5174e-02
-3.0163e-02
-2.6188e-02
-2.3528e-02
-2.1779e-02
-2.0568e-02
-2.0092e-02
-2.0810e-02
-2.3082e-02
-2.6902e-02
-3.1598e-02
-3.5928e-02
-3.8855e-02
-3.9886e-02
-3.8504e-02
-3.4186e-02
-2.6870e-02
-1.7149e-02
-5.9806e-03
6.0311e-03
1.8690e-02
3.1350e-02
4.2599e-02
5.0671e-02
5.4265e-02
5.3292e-02
4.8809e-02
4.2423e-02
3.5221e-02
2.7552e-02
1.9138e-02
9.5975e-03
-1.0969e-03
-1.2596e-02
-2.4182e-02
-3.4848e-02
-4.3549e-02
-4.9526e-02
-5.2189e-02
-5.0893e-02
-4.4954e-02
-3.4165e-02
-1.9456e-02
-3.0216e-03
1.2541e-02
2.5555e-02
3.5400e-02
4.0644e-02
3.9958e-02
3.5075e-02
2.9218e-02
2.4150e-02
2.0505e-02
1.8627e-02
1.8938e-02
2.1538e-02
2.5361e-02
2.8819e-02
3.0999e-02
3.1506e-02
3.0222e-02
2.7530e-02
2.4177e-02
2.0740e-02
1.7740e-02
1.5909e-02
1.6081e-02
1.8838e-02
2.3999e-02
3.0886e-02
3.9379e-02
4.9431e-02
5.9882e-02
6.8157e-02
7.1031e-02
6.6719e-02
5.5663e-02
3.9281e-02
1.9567e-02
-1.2234e-03
-2.0686e-02
-3.6692e-02
-4.7830e-02
-5.3641e-02
-5.4586e-02
-5.1911e-02
-4.6998e-02
-4.0808e-02
-3.3284e-02
-2.3970e-02
-1.2875e-02
-9.7635e-04
1.0138e-02
1.9488e-02
2.6875e-02
3.2563e-02
3.6821e-02
3.9552e-02
4.0376e-02
3.8849e-02
3.4636e-02
2.7682e-02
1.8191e-02
6.6917e-03
-6.0618e-03
-1.9280e-02
-3.2236e-02
-4.4320e-02
-5.4866e-02
-6.2946e-02
-6.7406e-02
-6.7117e-02
-6.1594e-02
-5.1281e-02
-3.7252e-02
-2.1011e-02
-3.8999e-03
1.3110e-02
2.9177e-02
4.2210e-02
4.8893e-02
4.7137e-02
3.7217e-02
2.1270e-02
2.7814e-03
-1.4812e-02
-2.9320e-02
-4.0065e-02
-4.6700e-02
-4.9125e-02
-4.8348e-02
-4.6163e-02
-4.4094e-02
-4.3223e-02
-4.4105e-02
-4.6570e-02
-4.9513e-02
-5.0765e-02
-4.7585e-02
-3.7721e-02
-2.0511e-02
2.2777e-03
2.6432e-02
4.7118e-02
6.2375e-02
7.2155e-02
7.5407e-02
7.2005e-02
6.4423e-02
5.5640e-02
4.7875e-02
4.3118e-02
4.2376e-02
4.4043e-02
4.4129e-02
3.7604e-02
2.0393e-02
-8.8279e-03
-4.7309e-02
-8.7150e-02
-1.1662e-01
-1.2509e-01
-1.0752e-01
-6.6363e-02
-1.1856e-02
4.1375e-02
8.0037e-02
9.7367e-02
9.4119e-02
7.6610e-02
5.2241e-02
2.7946e-02
8.9312e-03
-1.6338e-03
-2.9094e-03
2.8788e-03
1.1847e-02
2.0968e-02
2.8336e-02
3.2580e-02
3.2131e-02
2.5829e-02
1.4482e-02
5.2109e-04
-1.3328e-02
-2.5225e-02
-3.4111e-02
-3.8701e-02
-3.8398e-02
-3.4351e-02
-2.7962e-02
-1.9728e-02
-9.7301e-03
1.5179e-03
1.2632e-02
2.1974e-02
2.8402e-02
3.1182e-02
2.9815e-02
2.3898e-02
1.3610e-02
5.1445e-05
-1.4802e-02
-2.8872e-02
-4.1306e-02
-5.1855e-02
-5.9556e-02
-6.3697e-02
-6.4699e-02
-6.3511e-02
-6.1183e-02
-5.8568e-02
-5.6300e-02
-5.4638e-02
-5.3210e-02
-5.0688e-02
-4.4544e-02
-3.1929e-02
-1.1221e-02
1.6765e-02
4.8337e-02
7.7611e-02
9.8082e-02
1.0509e-01
9.6774e-02
7.4696e-02
4.5107e-02
1.6900e-02
-4.1099e-03
-1.6070e-02
-1.9803e-02
-1.7758e-02
-1.2706e-02
-6.6634e-03
-7.2351e-04
4.7735e-03
9.5766e-03
1.3105e-02
1.4729e-02
1.4127e-02
1.1545e-02
7.8617e-03
4.2834e-03
1.8927e-03
1.4930e-03
3.8925e-03
9.6914e-03
1.8755e-02
2.9974e-02
4.1765e-02
5.3288e-02
6.3855e-02
7.1029e-02
7.1791e-02
6.4668e-02
5.0436e-02
3.1439e-02
9.6628e-03
-1.2887e-02
-3.3627e-02
-5.0118e-02
-6.0837e-02
-6.5496e-02
-6.4964e-02
-6.0807e-02
-5.5365e-02
-5.1041e-02
-4.8659e-02
-4.7769e-02
-4.8003e-02
-4.9035e-02
-5.0264e-02
-5.0815e-02
-4.9702e-02
-4.6190e-02
-4.0072e-02
-3.1827e-02
-2.2534e-02
-1.3442e-02
-5.3519e-03
6.1571e-04
2.7654e-03
8.2428e-04
-3.5937e-03
-8.8306e-03
-1.3538e-02
-1.6594e-02
-1.7399e-02
-1.6382e-02
-1.5476e-02
-1.7209e-02
-2.3046e-02
-3.2793e-02
-4.4489e-02
-5.4703e-02
-6.0246e-02
-6.0369e-02
-5.5740e-02
-4.7125e-02
-3.5786e-02
-2.3256e-02
-1.0473e-02
9.8728e-04
8.4965e-03
1.0805e-02
8.9609e-03
4.9974e-03
1.0060e-03
-1.6045e-03
-1.9566e-03
2.8146e-04
4.4166e-03
8.6492e-03
1.0352e-02
6.4526e-03
-5.6885e-03
-2.6901e-02
-5.5051e-02
-8.5208e-02
-1.1172e-01
-1.2956e-01
-1.3361e-01
-1.2078e-01
-9.3463e-02
-5.9041e-02
-2.6542e-02
-2.4645e-03
9.3036e-03
5.3216e-03
-1.4029e-02
-4.2207e-02
-7.0151e-02
-8.9176e-02
-9.2716e-02
-7.7932e-02
-4.7056e-02
-7.3693e-03
3.1039e-02
5.9809e-02
7.4195e-02
7.3996e-02
6.3466e-02
4.8983e-02
3.4924e-02
2.3692e-02
1.7082e-02
1.5372e-02
1.6929e-02
1.9627e-02
2.1798e-02
2.2718e-02
2.2296e-02
2.0578e-02
1.7485e-02
1.2711e-02
5.8515e-03
-3.2126e-03
-1.3954e-02
-2.5145e-02
-3.5334e-02
-4.3848e-02
-5.0742e-02
-5.6002e-02
-5.8495e-02
-5.5476e-02
-4.3504e-02
-2.0036e-02
1.4904e-02
5.7308e-02
9.9861e-02
1.3528e-01
1.5799e-01
1.6328e-01
1.4800e-01
1.1193e-01
5.9914e-02
3.0867e-03
-4.2052e-02
-6.2355e-02
-6.0655e-02
-4.7933e-02
-3.1668e-02
-1.6177e-02
-3.7230e-03
5.9863e-03
1.4303e-02
2.2234e-02
3.1930e-02
4.6416e-02
6.5997e-02
8.8369e-02
1.1152e-01
1.3377e-01
1.5326e-01
1.6815e-01
1.7706e-01
1.7981e-01
1.7802e-01
1.7462e-01
1.7114e-01
1.6653e-01
1.5863e-01
1.4543e-01
1.2588e-01
1.0089e-01
7.3417e-02
4.7565e-02
2.7074e-02
1.3680e-02
7.7490e-03
9.4780e-03
1.8409e-02
3.3068e-02
5.1475e-02
7.2009e-02
9.4153e-02
1.1558e-01
1.3065e-01
1.3332e-01
1.1873e-01
8.3359e-02
2.7272e-02
-4.3243e-02
-1.1325e-01
-1.6543e-01
-1.9476e-01
-2.0630e-01
-2.0467e-01
-1.9142e-01
-1.6564e-01
-1.2691e-01
-7.8563e-02
-2.8498e-02
1.3592e-02
4.1250e-02
5.4465e-02
5.7995e-02
5.5198e-02
4.8182e-02
3.9414e-02
3.0825e-02
2.3290e-02
1.7348e-02
1.3899e-02
1.4178e-02
1.8394e-02
2.5063e-02
3.2581e-02
4.0110e-02
4.7478e-02
5.4357e-02
5.9756e-02
6.2912e-02
6.3902e-02
6.3306e-02
6.1642e-02
5.8720e-02
5.3991e-02
4.7028e-02
3.7673e-02
2.5895e-02
1.1335e-02
-6.1304e-03
-2.5693e-02
-4.5378e-02
-6.2870e-02
-7.7255e-02
-8.8496e-02
-9.6091e-02
-1.0016e-01
-1.0204e-01
-1.0300e-01
-1.0336e-01
-1.0212e-01
-9.7039e-02
-8.5049e-02
-6.3054e-02
-2.8984e-02
1.7080e-02
7.0664e-02
1.2246e-01
1.6281e-01
1.8654e-01
1.9479e-01
1.9185e-01
1.7872e-01
1.5376e-01
1.1518e-01
6.3107e-02
1.2908e-03
-6.2952e-02
-1.1987e-01
-1.6101e-01
-1.8335e-01
-1.8876e-01
-1.7731e-01
-1.4749e-01
-1.0043e-01
-4.2781e-02
1.3302e-02
5.4089e-02
7.0073e-02
6.1981e-02
3.6741e-02
6.9187e-04
-3.8439e-02
-7.1048e-02
-8.9848e-02
-9.1865e-02
-7.8732e-02
-5.4994e-02
-2.6115e-02
1.8403e-03
2.2753e-02
3.2316e-02
2.8985e-02
1.4232e-02
-8.3541e-03
-3.3943e-02
-5.7158e-02
-7.2583e-02
-7.6174e-02
-6.7025e-02
-4.7940e-02
-2.3904e-02
1.6928e-04
2.2079e-02
4.0017e-02
5.0883e-02
5.3426e-02
4.9353e-02
4.1017e-02
3.0441e-02
1.8866e-02
7.4753e-03
-2.2829e-03
-9.4844e-03
-1.3624e-02
-1.3992e-02
-1.0037e-02
-2.0429e-03
8.3183e-03
1.8792e-02
2.8683e-02
3.8069e-02
4.6347e-02
5.2677e-02
5.6819e-02
5.9676e-02
6.2539e-02
6.5535e-02
6.7592e-02
6.6919e-02
6.1532e-02
5.0037e-02
3.2338e-02
9.8319e-03
-1.5010e-02
-3.9079e-02
-5.8995e-02
-7.1827e-02
-7.7159e-02
-7.8308e-02
-7.9340e-02
-8.2572e-02
-8.8550e-02
-9.6414e-02
-1.0463e-01
-1.1245e-01
-1.2024e-01
-1.2754e-01
-1.3271e-01
-1.3403e-01
-1.3044e-01
-1.2210e-01
-1.1065e-01
-9.8465e-02
-8.6960e-02
-7.6562e-02
-6.7090e-02
-5.7789e-02
-4.7455e-02
-3.4659e-02
-1.8156e-02
2.2692e-03
2.4272e-02
4.3431e-02
5.6415e-02
6.1013e-02
5.4762e-02
3.7861e-02
1.4962e-02
-7.1684e-03
-2.1163e-02
-2.0441e-02
-2.4265e-03
2.9057e-02
6.5266e-02
9.6385e-02
1.1687e-01
1.2527e-01
1.2256e-01
1.1250e-01
1.0009e-01
8.7947e-02
7.6847e-02
6.7762e-02
6.0828e-02
5.4719e-02
4.7942e-02
3.9626e-02
2.9682e-02
1.8620e-02
7.1537e-03
-4.0927e-03
-1.3839e-02
-1.8780e-02
-1.4751e-02
1.0993e-03
2.8600e-02
6.4004e-02
1.0127e-01
1.3354e-01
1.5520e-01
1.6228e-01
1.5233e-01
1.2439e-01
7.9936e-02
2.3681e-02
-3.4850e-02
-8.3983e-02
-1.1799e-01
-1.3867e-01
-1.5080e-01
-1.5879e-01
-1.6411e-01
-1.6545e-01
-1.6001e-01
-1.4453e-01
-1.1635e-01
-7.4353e-02
-2.1346e-02
3.4975e-02
8.4256e-02
1.1986e-01
1.4434e-01
1.6119e-01
1.6842e-01
1.6177e-01
1.3711e-01
9.1427e-02
2.6242e-02
-4.9103e-02
-1.1654e-01
-1.5876e-01
-1.7536e-01
-1.7312e-01
-1.5173e-01
-1.0877e-01
-4.6386e-02
2.6181e-02
9.2843e-02
1.3696e-01
1.5261e-01
1.4681e-01
1.2639e-01
9.4857e-02
5.6303e-02
1.6668e-02
-1.7680e-02
-4.3062e-02
-5.9492e-02
-6.9317e-02
-7.5194e-02
-7.8168e-02
-7.8344e-02
-7.5871e-02
-7.1113e-02
-6.4625e-02
-5.6618e-02
-4.6894e-02
-3.4987e-02
-2.0626e-02
-4.2928e-03
1.2510e-02
2.7975e-02
4.0958e-02
5.1212e-02
5.8691e-02
6.2229e-02
5.9854e-02
4.9871e-02
3.2143e-02
8.7553e-03
-1.6529e-02
-3.8827e-02
-5.3264e-02
-5.5660e-02
-4.3716e-02
-1.8859e-02
1.3550e-02
4.6650e-02
7.3973e-02
9.0866e-02
9.3434e-02
7.8858e-02
4.7517e-02
4.0460e-03
-4.3192e-02
-8.2650e-02
-1.0318e-01
-1.0052e-01
-7.6557e-02
-3.4405e-02
1.9382e-02
7.3586e-02
1.1563e-01
1.3640e-01
1.3537e-01
1.1663e-01
8.3442e-02
3.9761e-02
-6.9226e-03
-4.5220e-02
-6.6769e-02
-7.3799e-02
-7.2249e-02
-6.5590e-02
-5.6153e-02
-4.5958e-02
-3.5964e-02
-2.6366e-02
-1.7275e-02
-9.5375e-03
-4.4119e-03
-2.1637e-03
-1.9998e-03
-2.6428e-03
-2.6972e-03
-9.6172e-04
3.2503e-03
9.8403e-03
1.7830e-02
2.5739e-02
3.2292e-02
3.7128e-02
4.0327e-02
4.1269e-02
3.8813e-02
3.2061e-02
2.1297e-02
8.2329e-03
-4.6737e-03
-1.4118e-02
-1.6239e-02
-8.0366e-03
1.1099e-02
3.8424e-02
6.8316e-02
9.4446e-02
1.1119e-01
1.1548e-01
1.0886e-01
9.6295e-02
8.1858e-02
6.7927e-02
5.5730e-02
4.6808e-02
4.2780e-02
4.2743e-02
4.3545e-02
4.1778e-02
3.4582e-02
2.0411e-02
-8.1566e-05
-2.4065e-02
-4.7787e-02
-6.7868e-02
-8.2319e-02
-9.0012e-02
-9.0379e-02
-8.3690e-02
-7.0939e-02
-5.3105e-02
-3.1028e-02
-5.7225e-03
2.0966e-02
4.6461e-02
6.8639e-02
8.6158e-02
9.8226e-02
1.0378e-01
1.0163e-01
9.1367e-02
7.4342e-02
5.3558e-02
3.2872e-02
1.6054e-02
6.0177e-03
3.5262e-03
6.1468e-03
1.0026e-02
1.1996e-02
9.6488e-03
1.4479e-03
-1.2645e-02
-3.0536e-02
-4.8316e-02
-6.2106e-02
-6.8619e-02
-6.3990e-02
-4.5807e-02
-1.6289e-02
1.8136e-02
4.9495e-02
7.1647e-02
8.1599e-02
7.8976e-02
6.5010e-02
4.1303e-02
1.0154e-02
-2.4930e-02
-5.9534e-02
-8.9321e-02
-1.1176e-01
-1.2572e-01
-1.3025e-01
-1.2341e-01
-1.0358e-01
-7.1892e-02
-3.3358e-02
4.3098e-03
3.3867e-02
5.1236e-02
5.6907e-02
5.4393e-02
4.7242e-02
3.8735e-02
3.1589e-02
2.6941e-02
2.4823e-02
2.5193e-02
2.7627e-02
3.0984e-02
3.3931e-02
3.5217e-02
3.3694e-02
2.8515e-02
1.9549e-02
7.9012e-03
-4.3810e-03
-1.5551e-02
-2.3600e-02
-2.5186e-02
-1.7215e-02
1.2881e-03
2.8677e-02
6.0793e-02
9.2128e-02
1.1686e-01
1.3046e-01
1.3077e-01
1.1833e-01
9.6115e-02
6.8839e-02
4.1125e-02
1.6911e-02
-1.2720e-03
-1.2947e-02
-1.9286e-02
-2.1773e-02
-2.1858e-02
-2.0749e-02
-1.9452e-02
-1.8667e-02
-1.8343e-02
-1.7865e-02
-1.6566e-02
-1.3964e-02
-9.9050e-03
-4.6820e-03
1.0818e-03
6.7711e-03
1.1929e-02
1.6341e-02
2.0014e-02
2.3091e-02
2.5749e-02
2.8168e-02
3.0518e-02
3.2913e-02
3.5409e-02
3.8143e-02
4.1298e-02
4.4870e-02
4.8631e-02
5.2255e-02
5.5453e-02
5.7972e-02
5.9346e-02
5.8803e-02
5.5388e-02
4.8618e-02
3.8979e-02
2.7684e-02
1.6095e-02
5.0017e-03
-5.1224e-03
-1.3579e-02
-1.9494e-02
-2.2228e-02
-2.2041e-02
-1.9899e-02
-1.6394e-02
-1.1626e-02
-5.4089e-03
2.2150e-03
1.0838e-02
2.0183e-02
3.0070e-02
4.0218e-02
5.0184e-02
5.9413e-02
6.7332e-02
7.2881e-02
7.3791e-02
6.7754e-02
5.3921e-02
3.3241e-02
8.3624e-03
-1.6955e-02
-3.8618e-02
-5.3663e-02
-6.1100e-02
-6.1932e-02
-5.8142e-02
-5.1808e-02
-4.4297e-02
-3.6799e-02
-3.0467e-02
-2.5206e-02
-1.9730e-02
-1.3458e-02
-6.9724e-03
-1.3143e-03
2.8190e-03
5.5410e-03
7.3493e-03
8.7089e-03
9.7304e-03
1.0187e-02
9.6471e-03
7.6944e-03
4.1890e-03
-5.4874e-04
-5.7955e-03
-1.0722e-02
-1.4400e-02
-1.5835e-02
-1.4161e-02
-8.9356e-03
-4.1283e-04
1.0172e-02
2.1011e-02
3.0980e-02
3.9602e-02
4.5482e-02
4.6996e-02
4.4023e-02
3.7881e-02
3.0441e-02
2.3094e-02
1.6530e-02
1.1081e-02
7.2972e-03
6.1175e-03
7.9860e-03
1.2375e-02
1.8198e-02
2.4288e-02
2.9922e-02
3.4443e-02
3.6936e-02
3.6485e-02
3.2718e-02
2.6236e-02
1.8049e-02
8.7861e-03
-1.2375e-03
-1.1639e-02
-2.1648e-02
-3.0338e-02
-3.7081e-02
-4.1478e-02
-4.3222e-02
-4.2082e-02
-3.8020e-02
-3.1244e-02
-2.2485e-02
-1.2777e-02
-2.5415e-03
8.4317e-03
2.0043e-02
3.0857e-02
3.8085e-02
3.9960e-02
3.6899e-02
3.0144e-02
2.1239e-02
1.1812e-02
3.5791e-03
-2.2284e-03
-6.1293e-03
-9.9896e-03
-1.5083e-02
-2.1564e-02
-2.8531e-02
-3.4435e-02
-3.7945e-02
-3.8947e-02
-3.8316e-02
-3.6923e-02
-3.5425e-02
-3.4281e-02
-3.3881e-02
-3.4559e-02
-3.6448e-02
-3.9306e-02
-4.2376e-02
-4.4325e-02
-4.3367e-02
-3.7725e-02
-2.6568e-02
-1.0912e-02
6.4407e-03
2.2293e-02
3.5456e-02
4.6066e-02
5.3172e-02
5.5776e-02
5.4247e-02
4.9962e-02
4.4483e-02
3.8522e-02
3.2479e-02
2.7065e-02
2.2736e-02
1.9234e-02
1.5794e-02
1.1751e-02
7.1792e-03
2.3468e-03
-2.6979e-03
-7.5748e-03
-1.1530e-02
-1.4017e-02
-1.5239e-02
-1.6267e-02
-1.8338e-02
-2.2144e-02
-2.7397e-02
-3.3063e-02
-3.8028e-02
-4.1740e-02
-4.4122e-02
-4.4765e-02
-4.2966e-02
-3.8231e-02
-3.0751e-02
-2.1438e-02
-1.1319e-02
-1.3443e-03
7.6290e-03
1.4484e-02
1.8014e-02
1.7943e-02
1.5049e-02
1.0356e-02
4.8394e-03
-8.2115e-04
-6.3085e-03
-1.1386e-02
-1.5560e-02
-1.8305e-02
-1.9482e-02
-1.9499e-02
-1.9186e-02
-1.9332e-02
-2.0603e-02
-2.3430e-02
-2.7737e-02
-3.3023e-02
-3.8873e-02
-4.5118e-02
-5.1797e-02
-5.8823e-02
-6.5774e-02
-7.2043e-02
-7.7098e-02
-8.0765e-02
-8.3223e-02
-8.4810e-02
-8.5752e-02
-8.6089e-02
-8.5672e-02
-8.4229e-02
-8.1466e-02
-7.7254e-02
-7.1790e-02
-6.5579e-02
-5.9296e-02
-5.3454e-02
-4.8091e-02
-4.2995e-02
-3.8410e-02
-3.5063e-02
-3.3715e-02
-3.4397e-02
-3.6269e-02
-3.8377e-02
-3.9824e-02
-3.9835e-02
-3.7988e-02
-3.4355e-02
-2.9428e-02
-2.3905e-02
-1.8296e-02
-1.2703e-02
-7.0278e-03
-1.6783e-03
2.4179e-03
4.4523e-03
4.1243e-03
1.7187e-03
-2.2176e-03
-7.1330e-03
-1.2710e-02
-1.8695e-02
-2.4786e-02
-3.0733e-02
-3.6415e-02
-4.1837e-02
-4.7029e-02
-5.1914e-02
-5.6328e-02
-6.0200e-02
-6.3808e-02
-6.7620e-02
-7.1901e-02
-7.6572e-02
-8.1244e-02
-8.5426e-02
-8.8541e-02
-8.9874e-02
-8.8652e-02
-8.4268e-02
-7.6615e-02
-6.6405e-02
-5.4971e-02
-4.3305e-02
-3.1525e-02
-1.9751e-02
-8.7642e-03
1.0219e-06
5.3923e-03
7.3560e-03
6.7317e-03
4.7174e-03
2.0683e-03
-7.5551e-04
-3.3632e-03
-5.4595e-03
-6.9312e-03
-7.9684e-03
-8.8604e-03
-9.7514e-03
-1.0689e-02
-1.1668e-02
-1.2587e-02
-1.3286e-02
-1.3610e-02
-1.3479e-02
-1.2947e-02
-1.2225e-02
-1.1593e-02
-1.1238e-02
-1.1220e-02
-1.1470e-02
-1.1772e-02
-1.1837e-02
-1.1451e-02
-1.0617e-02
-9.6050e-03
-8.8650e-03
-8.8376e-03
-9.7250e-03
-1.1430e-02
-1.3600e-02
-1.5738e-02
-1.7374e-02
-1.8285e-02
-1.8494e-02
-1.8173e-02
-1.7540e-02
-1.6768e-02
-1.5893e-02
-1.4895e-02
-1.3832e-02
-1.2945e-02
-1.2536e-02
-1.2656e-02
-1.3141e-02
-1.3779e-02
-1.4422e-02
-1.4966e-02
-1.5278e-02
-1.5299e-02
-1.5209e-02
-1.5445e-02
-1.6533e-02
-1.8754e-02
-2.2029e-02
-2.6036e-02
-3.0484e-02
-3.5178e-02
-3.9764e-02
-4.3653e-02
-4.6137e-02
-4.6562e-02
-4.4581e-02
-4.0397e-02
-3.4741e-02
-2.8489e-02
-2.2401e-02
-1.7133e-02
-1.3599e-02
-1.2811e-02
-1.5266e-02
-2.0399e-02
-2.6679e-02
-3.2539e-02
-3.6613e-02
-3.7537e-02
-3.3972e-02
-2.5123e-02
-1.1815e-02
3.6089e-03
1.8852e-02
3.2175e-02
4.2455e-02
4.8606e-02
4.9812e-02
4.6490e-02
4.0139e-02
3.2447e-02
2.4665e-02
1.7718e-02
1.2765e-02
1.0596e-02
1.0853e-02
1.2733e-02
1.5519e-02
1.8386e-02
2.0348e-02
2.0545e-02
1.8507e-02
1.4358e-02
8.8265e-03
3.0440e-03
-1.9771e-03
-5.7206e-03
-8.1606e-03
-9.1518e-03
-8.3222e-03
-5.4699e-03
-9.3207e-04
4.5046e-03
1.0342e-02
1.6439e-02
2.2391e-02
2.7225e-02
2.9708e-02
2.9463e-02
2.7260e-02
2.4093e-02
2.0944e-02
1.8667e-02
1.7739e-02
1.7997e-02
1.8540e-02
1.8304e-02
1.6909e-02
1.4518e-02
1.1471e-02
8.0706e-03
4.4467e-03
5.2675e-04
-3.5897e-03
-7.4375e-03
-1.0556e-02
-1.2653e-02
-1.3528e-02
-1.3029e-02
-1.1048e-02
-7.6453e-03
-3.1544e-03
1.9056e-03
6.9431e-03
1.1515e-02
1.5410e-02
1.8507e-02
2.0477e-02
2.0885e-02
1.9476e-02
1.6376e-02
1.2079e-02
7.1187e-03
2.0449e-03
-2.5770e-03
-6.1898e-03
-8.3737e-03
-9.0616e-03
-8.5450e-03
-7.2291e-03
-5.4699e-03
-3.4799e-03
-1.4244e-03
5.0982e-04
2.1642e-03
3.4229e-03
4.2578e-03
4.8106e-03
5.4088e-03
6.4609e-03
8.2719e-03
1.0846e-02
1.3852e-02
1.6758e-02
1.9111e-02
2.0508e-02
2.0468e-02
1.8390e-02
1.3720e-02
6.3121e-03
-3.2285e-03
-1.3589e-02
-2.3221e-02
-3.0862e-02
-3.5736e-02
-3.7575e-02
-3.6511e-02
-3.3060e-02
-2.7949e-02
-2.1835e-02
-1.5359e-02
-9.3059e-03
-4.7528e-03
-2.8613e-03
-4.2115e-03
-8.3397e-03
-1.3857e-02
-1.9152e-02
-2.3275e-02
-2.5610e-02
-2.5499e-02
-2.2316e-02
-1.5869e-02
-6.7930e-03
3.3976e-03
1.2826e-02
2.0195e-02
2.4654e-02
2.5142e-02
2.1235e-02
1.3926e-02
5.1916e-03
-2.8675e-03
-9.0941e-03
-1.2648e-02
-1.2455e-02
-8.3220e-03
-1.4225e-03
6.5128e-03
1.3780e-02
1.9138e-02
2.1414e-02
1.9753e-02
1.4943e-02
9.1627e-03
4.5232e-03
2.7395e-03
4.8549e-03
1.0681e-02
1.8917e-02
2.8085e-02
3.7121e-02
4.5434e-02
5.1822e-02
5.4566e-02
5.3005e-02
4.7953e-02
4.1101e-02
3.3872e-02
2.6987e-02
2.1086e-02
1.6960e-02
1.5289e-02
1.6206e-02
1.9119e-02
2.3071e-02
2.7139e-02
3.0880e-02
3.4006e-02
3.6106e-02
3.6879e-02
3.6364e-02
3.4982e-02
3.3213e-02
3.1199e-02
2.8876e-02
2.6128e-02
2.2780e-02
1.8565e-02
1.3167e-02
6.6214e-03
-5.5948e-04
-7.7864e-03
-1.4601e-02
-2.0749e-02
-2.5992e-02
-2.9826e-02
-3.1306e-02
-2.9504e-02
-2.4292e-02
-1.6389e-02
-6.9206e-03
3.0242e-03
1.2383e-02
1.9892e-02
2.4437e-02
2.5601e-02
2.3778e-02
1.9999e-02
1.5470e-02
1.1247e-02
7.9179e-03
5.8746e-03
5.4432e-03
6.5435e-03
8.6829e-03
1.1320e-02
1.4076e-02
1.6785e-02
1.9259e-02
2.1154e-02
2.2091e-02
2.1971e-02
2.1103e-02
1.9863e-02
1.8590e-02
1.7629e-02
1.7324e-02
1.7975e-02
1.9810e-02
2.2873e-02
2.6937e-02
3.1476e-02
3.5825e-02
3.9434e-02
4.1752e-02
4.1937e-02
3.9099e-02
3.2840e-02
2.3851e-02
1.3779e-02
4.2621e-03
-3.4882e-03
-8.7515e-03
-1.0946e-02
-9.8572e-03
-6.1357e-03
-1.0280e-03
4.2697e-03
9.0754e-03
1.3011e-02
1.5579e-02
1.6445e-02
1.5707e-02
1.3682e-02
1.0717e-02
7.0226e-03
2.8541e-03
-1.3454e-03
-5.0181e-03
-7.6951e-03
-9.2454e-03
-9.7267e-03
-9.3104e-03
-8.5345e-03
-8.0911e-03
-8.2451e-03
-8.9771e-03
-1.0201e-02
-1.1690e-02
-1.3041e-02
-1.3746e-02
-1.3265e-02
-1.1216e-02
-7.6668e-03
-3.2379e-03
1.1527e-03
4.6947e-03
6.9859e-03
7.9071e-03
7.4499e-03
5.6204e-03
2.7186e-03
-6.2213e-04
-3.9104e-03
-6.8283e-03
-9.0160e-03
-1.0256e-02
-1.0773e-02
-1.1379e-02
-1.3202e-02
-1.7059e-02
-2.3008e-02
-3.0209e-02
-3.7236e-02
-4.2813e-02
-4.6599e-02
-4.8557e-02
-4.8449e-02
-4.6398e-02
-4.2922e-02
-3.8309e-02
-3.2566e-02
-2.5701e-02
-1.8234e-02
-1.1023e-02
-4.4877e-03
1.3110e-03
6.4057e-03
1.0825e-02
1.4583e-02
1.7640e-02
1.9797e-02
2.0706e-02
2.0194e-02
1.8414e-02
1.5702e-02
1.2419e-02
8.7953e-03
4.9155e-03
8.3888e-04
-3.2731e-03
-7.0876e-03
-1.0209e-02
-1.2488e-02
-1.3974e-02
-1.4536e-02
-1.3973e-02
-1.2202e-02
-9.2676e-03
-5.3862e-03
-9.5054e-04
3.5387e-03
7.6552e-03
1.1107e-02
1.3556e-02
1.4313e-02
1.2680e-02
8.4746e-03
2.1307e-03
-5.5052e-03
-1.3645e-02
-2.1626e-02
-2.8858e-02
-3.4595e-02
-3.7892e-02
-3.7926e-02
-3.4586e-02
-2.8837e-02
-2.2164e-02
-1.5738e-02
-9.8583e-03
-4.2547e-03
1.1844e-03
6.1284e-03
9.9322e-03
1.2158e-02
1.2828e-02
1.2311e-02
1.1191e-02
9.9775e-03
8.7793e-03
7.4310e-03
5.9291e-03
4.5460e-03
3.7250e-03
3.8394e-03
5.0325e-03
7.2298e-03
1.0237e-02
1.3899e-02
1.8119e-02
2.2713e-02
2.7260e-02
3.1226e-02
3.4165e-02
3.5593e-02
3.5001e-02
3.2114e-02
2.7207e-02
2.1127e-02
1.4787e-02
8.8055e-03
3.5595e-03
-5.3481e-04
-2.8972e-03
-3.2702e-03
-1.9721e-03
4.6655e-04
3.4158e-03
6.2083e-03
8.1575e-03
8.7468e-03
7.9926e-03
6.4708e-03
5.0093e-03
4.4545e-03
5.4473e-03
8.2886e-03
1.2855e-02
1.8647e-02
2.4993e-02
3.1253e-02
3.6715e-02
4.0463e-02
4.1441e-02
3.9086e-02
3.3856e-02
2.7017e-02
2.0046e-02
1.3773e-02
8.5593e-03
4.7412e-03
2.8015e-03
3.0667e-03
5.1081e-03
8.1161e-03
1.1611e-02
1.5218e-02
1.8407e-02
2.0535e-02
2.1189e-02
2.0650e-02
1.9566e-02
1.8377e-02
1.7342e-02
1.6607e-02
1.6167e-02
1.5869e-02
1.5462e-02
1.4732e-02
1.3636e-02
1.2247e-02
1.0665e-02
8.9629e-03
7.1782e-03
5.3362e-03
3.4214e-03
1.3529e-03
-9.6020e-04
-3.5133e-03
-6.1011e-03
-8.4306e-03
-1.0393e-02
-1.2039e-02
-1.3417e-02
-1.4411e-02
-1.4767e-02
-1.4390e-02
-1.3391e-02
-1.1910e-02
-9.9998e-03
-7.6097e-03
-4.8473e-03
-2.0751e-03
3.0616e-04
1.9982e-03
2.8915e-03
3.0312e-03
2.5044e-03
1.3593e-03
-3.6264e-04
-2.4899e-03
-4.7440e-03
-6.9238e-03
-8.9274e-03
-1.0719e-02
-1.2252e-02
-1.3431e-02
-1.4151e-02
-1.4278e-02
-1.3604e-02
-1.2005e-02
-9.5844e-03
-6.6908e-03
-3.8028e-03
-1.2953e-03
5.1756e-04
1.2853e-03
8.5869e-04
-5.4627e-04
-2.5492e-03
-4.7809e-03
-6.9706e-03
-8.8418e-03
-1.0024e-02
-1.0235e-02
-9.4777e-03
-8.0371e-03
-6.4021e-03
-5.0896e-03
-4.5196e-03
-4.8690e-03
-6.0556e-03
-7.8186e-03
-9.8581e-03
-1.1947e-02
-1.4019e-02
-1.6131e-02
-1.8399e-02
-2.0990e-02
-2.4056e-02
-2.7571e-02
-3.1268e-02
-3.4745e-02
-3.7596e-02
-3.9564e-02
-4.0525e-02
-4.0444e-02
-3.9368e-02
-3.7513e-02
-3.5303e-02
-3.3224e-02
-3.1549e-02
-3.0404e-02
-2.9884e-02
-3.0030e-02
-3.0749e-02
-3.1714e-02
-3.2465e-02
-3.2624e-02
-3.2014e-02
-3.0692e-02
-2.8890e-02
-2.6949e-02
-2.5227e-02
-2.4105e-02
-2.3929e-02
-2.4832e-02
-2.6623e-02
-2.8876e-02
-3.0977e-02
-3.2244e-02
-3.2054e-02
-3.0052e-02
-2.6391e-02
-2.1701e-02
-1.6729e-02
-1.2141e-02
-8.4054e-03
-5.9600e-03
-5.2740e-03
-6.4767e-03
-9.2059e-03
-1.2865e-02
-1.6797e-02
-2.0503e-02
-2.3537e-02
-2.5420e-02
-2.5766e-02
-2.4525e-02
-2.2216e-02
-1.9606e-02
-1.7116e-02
-1.4985e-02
-1.3500e-02
-1.2953e-02
-1.3447e-02
-1.4676e-02
-1.6156e-02
-1.7676e-02
-1.9310e-02
-2.1282e-02
-2.3786e-02
-2.6763e-02
-2.9771e-02
-3.2262e-02
-3.3982e-02
-3.4992e-02
-3.5541e-02
-3.5876e-02
-3.6118e-02
-3.6149e-02
-3.5690e-02
-3.4447e-02
-3.2271e-02
-2.9286e-02
-2.5925e-02
-2.2785e-02
-2.0268e-02
-1.8405e-02
-1.6886e-02
-1.5428e-02
-1.4030e-02
-1.2954e-02
-1.2522e-02
-1.2858e-02
-1.3900e-02
-1.5493e-02
-1.7410e-02
-1.9339e-02
-2.0903e-02
-2.1745e-02
-2.1682e-02
-2.0829e-02
-1.9571e-02
-1.8356e-02
-1.7555e-02
-1.7422e-02
-1.8095e-02
-1.9593e-02
-2.1706e-02
-2.4036e-02
-2.6266e-02
-2.8233e-02
-2.9827e-02
-3.0873e-02
-3.1087e-02
-3.0286e-02
-2.8566e-02
-2.6288e-02
-2.3913e-02
-2.1697e-02
-1.9783e-02
-1.8354e-02
-1.7589e-02
-1.7571e-02
-1.8196e-02
-1.9213e-02
-2.0417e-02
-2.1706e-02
-2.3049e-02
-2.4369e-02
-2.5556e-02
-2.6645e-02
-2.7759e-02
-2.8986e-02
-3.0290e-02
-3.1520e-02
-3.2514e-02
-3.3161e-02
-3.3411e-02
-3.3262e-02
-3.2732e-02
-3.1853e-02
-3.0709e-02
-2.9454e-02
-2.8175e-02
-2.6803e-02
-2.5291e-02
-2.3719e-02
-2.2191e-02
-2.0756e-02
-1.9345e-02
-1.7843e-02
-1.6153e-02
-1.4222e-02
-1.2056e-02
-9.7197e-03
-7.2470e-03
-4.5980e-03
-1.7934e-03
9.8273e-04
3.4129e-03
5.2355e-03
6.4012e-03
6.8294e-03
6.3460e-03
5.0090e-03
3.1515e-03
1.1303e-03
-7.1483e-04
-2.0473e-03
-2.4769e-03
-1.6572e-03
4.8029e-04
3.6812e-03
7.5153e-03
1.1550e-02
1.5436e-02
1.8848e-02
2.1346e-02
2.2320e-02
2.1283e-02
1.8246e-02
1.3930e-02
9.4391e-03
5.4019e-03
2.1128e-03
-1.0640e-04
-8.6282e-04
1.0098e-04
2.5240e-03
5.7451e-03
9.1641e-03
1.2246e-02
1.4500e-02
1.5585e-02
1.5434e-02
1.4320e-02
1.2713e-02
1.1033e-02
9.6070e-03
8.6891e-03
8.4450e-03
8.8562e-03
9.6346e-03
1.0369e-02
1.0725e-02
1.0587e-02
9.9987e-03
9.0119e-03
7.7151e-03
6.2613e-03
4.7809e-03
3.3701e-03
2.1504e-03
1.3012e-03
1.0645e-03
1.7334e-03
3.5071e-03
6.2333e-03
9.5163e-03
1.3105e-02
1.6802e-02
2.0356e-02
2.3563e-02
2.6269e-02
2.8291e-02
2.9436e-02
2.9563e-02
2.8730e-02
2.7234e-02
2.5500e-02
2.4012e-02
2.3180e-02
2.3219e-02
2.4048e-02
2.5278e-02
2.6362e-02
2.6910e-02
2.6673e-02
2.5494e-02
2.3422e-02
2.0753e-02
1.7931e-02
1.5356e-02
1.3156e-02
1.1262e-02
9.5846e-03
8.1311e-03
6.9122e-03
5.7262e-03
4.2510e-03
2.2576e-03
-2.5010e-04
-3.0192e-03
-5.6692e-03
-7.7536e-03
-8.8165e-03
-8.4355e-03
-6.2884e-03
-2.2781e-03
3.2973e-03
9.7510e-03
1.6299e-02
2.2299e-02
2.6974e-02
2.9479e-02
2.9456e-02
2.7305e-02
2.4016e-02
2.0539e-02
1.7444e-02
1.5210e-02
1.4336e-02
1.5190e-02
1.7734e-02
2.1465e-02
2.5781e-02
3.0174e-02
3.4235e-02
3.7477e-02
3.9337e-02
3.9691e-02
3.9006e-02
3.7910e-02
3.6999e-02
3.6755e-02
3.7532e-02
3.9478e-02
4.2335e-02
4.5559e-02
4.8749e-02
5.1582e-02
5.3680e-02
5.4629e-02
5.4080e-02
5.1892e-02
4.8190e-02
4.3281e-02
3.7624e-02
3.1753e-02
2.6210e-02
2.1611e-02
1.8645e-02
1.7718e-02
1.8659e-02
2.0898e-02
2.3803e-02
2.7087e-02
3.0614e-02
3.4092e-02
3.7104e-02
3.9233e-02
4.0205e-02
3.9985e-02
3.8774e-02
3.6930e-02
3.4838e-02
3.2883e-02
3.1396e-02
3.0526e-02
3.0300e-02
3.0717e-02
3.1653e-02
3.2896e-02
3.4350e-02
3.5973e-02
3.7584e-02
3.8881e-02
3.9563e-02
3.9495e-02
3.8787e-02
3.7751e-02
3.6733e-02
3.5908e-02
3.5358e-02
3.5123e-02
3.5111e-02
3.5157e-02
3.5181e-02
3.5184e-02
3.5195e-02
3.5240e-02
3.5314e-02
3.5366e-02
3.5292e-02
3.4965e-02
3.4279e-02
3.3220e-02
3.1917e-02
3.0597e-02
2.9441e-02
2.8583e-02
2.8152e-02
2.8287e-02
2.9061e-02
3.0349e-02
3.1994e-02
3.4012e-02
3.6313e-02
3.8607e-02
4.0753e-02
4.2744e-02
4.4445e-02
4.5724e-02
4.6649e-02
4.7452e-02
4.8373e-02
4.9437e-02
5.0531e-02
5.1582e-02
5.2510e-02
5.3219e-02
5.3687e-02
5.3929e-02
5.3880e-02
5.3528e-02
5.3011e-02
5.2401e-02
5.1551e-02
5.0107e-02
4.7730e-02
4.4356e-02
4.0174e-02
3.5528e-02
3.0881e-02
2.6696e-02
2.3235e-02
2.0642e-02
1.9088e-02
1.8773e-02
1.9822e-02
2.2143e-02
2.5435e-02
2.9357e-02
3.3462e-02
3.7149e-02
3.9741e-02
4.0746e-02
4.0231e-02
3.8688e-02
3.6673e-02
3.4678e-02
3.3070e-02
3.2084e-02
3.1822e-02
3.2255e-02
3.3268e-02
3.4726e-02
3.6501e-02
3.8435e-02
4.0316e-02
4.1830e-02
4.2618e-02
4.2498e-02
4.1553e-02
3.9998e-02
3.8107e-02
3.6125e-02
3.4152e-02
3.2131e-02
3.0065e-02
2.8099e-02
2.6391e-02
2.5015e-02
2.3905e-02
2.2957e-02
2.2133e-02
2.1486e-02
2.1079e-02
2.0877e-02
2.0825e-02
2.0942e-02
2.1268e-02
2.1797e-02
2.2425e-02
2.2932e-02
2.3042e-02
2.2608e-02
2.1719e-02
2.0589e-02
1.9441e-02
1.8381e-02
1.7463e-02
1.6753e-02
1.6234e-02
1.5764e-02
1.5140e-02
1.4130e-02
1.2493e-02
1.0060e-02
6.7931e-03
2.8007e-03
-1.6886e-03
-6.4244e-03
-1.1159e-02
-1.5627e-02
-1.9370e-02
-2.1741e-02
-2.2269e-02
-2.0939e-02
-1.8237e-02
-1.4880e-02
-1.1345e-02
-7.6704e-03
-3.6362e-03
7.7875e-04
5.4480e-03
1.0405e-02
1.5662e-02
2.1055e-02
2.6364e-02
3.1385e-02
3.5930e-02
3.9842e-02
4.2968e-02
4.5006e-02
4.5632e-02
4.4939e-02
4.3363e-02
4.1181e-02
3.8640e-02
3.6122e-02
3.4023e-02
3.2538e-02
3.1380e-02
2.9909e-02
2.7510e-02
2.3911e-02
1.9297e-02
1.4089e-02
8.7149e-03
3.3886e-03
-1.8294e-03
-6.8645e-03
-1.1464e-02
-1.5260e-02
-1.8111e-02
-2.0142e-02
-2.1525e-02
-2.2381e-02
-2.2701e-02
-2.2324e-02
-2.1015e-02
-1.8590e-02
-1.5114e-02
-1.0933e-02
-6.3711e-03
-1.5958e-03
3.1062e-03
7.3198e-03
1.0756e-02
1.3225e-02
1.4572e-02
1.4808e-02
1.4167e-02
1.3015e-02
1.1786e-02
1.0848e-02
1.0448e-02
1.0661e-02
1.1327e-02
1.2085e-02
1.2526e-02
1.2277e-02
1.1107e-02
9.0231e-03
6.2569e-03
3.1095e-03
-1.6315e-04
-3.4330e-03
-6.5221e-03
-9.1220e-03
-1.1063e-02
-1.2419e-02
-1.3380e-02
-1.4191e-02
-1.5098e-02
-1.6365e-02
-1.8201e-02
-2.0558e-02
-2.3178e-02
-2.5830e-02
-2.8336e-02
-3.0537e-02
-3.2222e-02
-3.3165e-02
-3.3279e-02
-3.2592e-02
-3.1146e-02
-2.9092e-02
-2.6752e-02
-2.4558e-02
-2.2954e-02
-2.2225e-02
-2.2465e-02
-2.3590e-02
-2.5345e-02
-2.7366e-02
-2.9327e-02
-3.0963e-02
-3.2080e-02
-3.2580e-02
-3.2434e-02
-3.1641e-02
-3.0301e-02
-2.8707e-02
-2.7260e-02
-2.6284e-02
-2.5944e-02
-2.6266e-02
-2.7232e-02
-2.8761e-02
-3.0660e-02
-3.2603e-02
-3.4228e-02
-3.5359e-02
-3.6019e-02
-3.6276e-02
-3.6285e-02
-3.6306e-02
-3.6587e-02
-3.7279e-02
-3.8419e-02
-3.9906e-02
-4.1530e-02
-4.3137e-02
-4.4722e-02
-4.6300e-02
-4.7823e-02
-4.9188e-02
-5.0291e-02
-5.1070e-02
-5.1414e-02
-5.1186e-02
-5.0396e-02
-4.9170e-02
-4.7607e-02
-4.5845e-02
-4.4097e-02
-4.2527e-02
-4.1242e-02
-4.0346e-02
-3.9850e-02
-3.9580e-02
-3.9284e-02
-3.8755e-02
-3.7901e-02
-3.6740e-02
-3.5343e-02
-3.3869e-02
-3.2571e-02
-3.1705e-02
-3.1457e-02
-3.1878e-02
-3.2860e-02
-3.4161e-02
-3.5480e-02
-3.6541e-02
-3.7164e-02
-3.7308e-02
-3.7086e-02
-3.6740e-02
-3.6534e-02
-3.6617e-02
-3.6991e-02
-3.7592e-02
-3.8295e-02
-3.8908e-02
-3.9249e-02
-3.9209e-02
-3.8780e-02
-3.8035e-02
-3.7066e-02
-3.5957e-02
-3.4777e-02
-3.3591e-02
-3.2409e-02
-3.1059e-02
-2.9333e-02
-2.7199e-02
-2.4800e-02
-2.2361e-02
-2.0072e-02
-1.8107e-02
-1.6710e-02
-1.6136e-02
-1.6556e-02
-1.7979e-02
-2.0200e-02
-2.2869e-02
-2.5650e-02
-2.8391e-02
-3.0896e-02
-3.2748e-02
-3.3385e-02
-3.2388e-02
-2.9792e-02
-2.5988e-02
-2.1453e-02
-1.6668e-02
-1.2095e-02
-8.1248e-03
-5.1319e-03
-3.4562e-03
-3.1785e-03
-4.0359e-03
-5.6370e-03
-7.6205e-03
-9.8263e-03
-1.2226e-02
-1.4819e-02
-1.7553e-02
-2.0345e-02
-2.3205e-02
-2.6188e-02
-2.9267e-02
-3.2309e-02
-3.5118e-02
-3.7527e-02
-3.9406e-02
-4.0590e-02
-4.0858e-02
-3.9969e-02
-3.7865e-02
-3.4783e-02
-3.1154e-02
-2.7441e-02
-2.3940e-02
-2.0951e-02
-1.8847e-02
-1.7823e-02
-1.7776e-02
-1.8404e-02
-1.9332e-02
-2.0294e-02
-2.1182e-02
-2.1949e-02
-2.2435e-02
-2.2494e-02
-2.2240e-02
-2.1911e-02
-2.1694e-02
-2.1732e-02
-2.2077e-02
-2.2578e-02
-2.2926e-02
-2.2777e-02
-2.1886e-02
-2.0192e-02
-1.7823e-02
-1.5055e-02
-1.2159e-02
-9.2270e-03
-6.1880e-03
-3.1849e-03
-6.2641e-04
1.1581e-03
2.0564e-03
2.1859e-03
1.7972e-03
1.1320e-03
2.9518e-04
-6.5621e-04
-1.5782e-03
-2.3309e-03
-2.9050e-03
-3.4220e-03
-4.0365e-03
-4.7903e-03
-5.7018e-03
-6.8680e-03
-8.3097e-03
-9.9371e-03
-1.1745e-02
-1.3742e-02
-1.5765e-02
-1.7618e-02
-1.9200e-02
-2.0377e-02
-2.0977e-02
-2.0950e-02
-2.0365e-02
-1.9315e-02
-1.7875e-02
-1.6136e-02
-1.4285e-02
-1.2570e-02
-1.1147e-02
-1.0052e-02
-9.2313e-03
-8.5749e-03
-7.9668e-03
-7.3321e-03
-6.6243e-03
-5.8004e-03
-4.8259e-03
-3.6940e-03
-2.4506e-03
-1.1793e-03
3.6535e-05
1.0475e-03
1.6124e-03
1.5372e-03
7.7808e-04
-5.4219e-04
-2.1141e-03
-3.5329e-03
-4.5371e-03
-5.0947e-03
-5.1759e-03
-4.6982e-03
-3.6264e-03
-2.0312e-03
-8.5942e-05
1.9799e-03
3.9212e-03
5.5196e-03
6.6016e-03
7.0631e-03
6.8953e-03
6.2103e-03
5.2659e-03
4.4198e-03
3.9669e-03
4.0524e-03
4.6353e-03
5.5581e-03
6.5718e-03
7.2989e-03
7.3373e-03
6.4360e-03
4.4960e-03
1.5964e-03
-1.8586e-03
-5.2834e-03
-8.3411e-03
-1.0827e-02
-1.2491e-02
-1.3179e-02
-1.2884e-02
-1.1643e-02
-9.5550e-03
-6.7924e-03
-3.6007e-03
-3.1205e-04
2.5789e-03
4.5812e-03
5.5896e-03
5.7903e-03
5.4049e-03
4.6612e-03
3.7712e-03
2.8668e-03
2.0375e-03
1.3716e-03
9.0896e-04
6.1045e-04
4.1998e-04
3.2225e-04
3.7068e-04
5.9215e-04
9.1393e-04
1.2676e-03
1.6277e-03
1.9161e-03
2.0241e-03
1.8994e-03
1.5161e-03
8.4985e-04
-7.5743e-05
-1.1830e-03
-2.4010e-03
-3.6844e-03
-4.9911e-03
-6.1832e-03
-7.0688e-03
-7.5641e-03
-7.5922e-03
-6.9816e-03
-5.7004e-03
-3.9127e-03
-1.7312e-03
7.6505e-04
3.4425e-03
6.1681e-03
8.8464e-03
1.1366e-02
1.3532e-02
1.5065e-02
1.5806e-02
1.5829e-02
1.5236e-02
1.4104e-02
1.2541e-02
1.0751e-02
9.0167e-03
7.5943e-03
6.6907e-03
6.4951e-03
7.0570e-03
8.1975e-03
9.6865e-03
1.1377e-02
1.3177e-02
1.4967e-02
1.6557e-02
1.7739e-02
1.8336e-02
1.8202e-02
1.7290e-02
1.5720e-02
1.3656e-02
1.1190e-02
8.4572e-03
5.6752e-03
3.0242e-03
6.6015e-04
-1.2681e-03
-2.6588e-03
-3.4829e-03
-3.7622e-03
-3.5405e-03
-2.8276e-03
-1.6440e-03
-7.0148e-05
1.7444e-03
3.6181e-03
5.4151e-03
6.9611e-03
8.0155e-03
8.4125e-03
8.1429e-03
7.3288e-03
6.1870e-03
4.9359e-03
3.7107e-03
2.5629e-03
1.5280e-03
7.1263e-04
3.2075e-04
5.2506e-04
1.3649e-03
2.7651e-03
4.6184e-03
6.9017e-03
9.5703e-03
1.2464e-02
1.5336e-02
1.7991e-02
2.0430e-02
2.2613e-02
2.4319e-02
2.5444e-02
2.6076e-02
2.6275e-02
2.6071e-02
2.5514e-02
2.4688e-02
2.3724e-02
2.2781e-02
2.2059e-02
2.1773e-02
2.2028e-02
2.2773e-02
2.3883e-02
2.5131e-02
2.6190e-02
2.6815e-02
2.6948e-02
2.6580e-02
2.5689e-02
2.4263e-02
2.2394e-02
2.0283e-02
1.8084e-02
1.5868e-02
1.3688e-02
1.1621e-02
9.7357e-03
8.0181e-03
6.4078e-03
4.9523e-03
3.7473e-03
2.8539e-03
2.3763e-03
2.4313e-03
2.9766e-03
3.8131e-03
4.7306e-03
5.5991e-03
6.3360e-03
6.7483e-03
6.6255e-03
5.9737e-03
5.0249e-03
4.0977e-03
3.3831e-03
2.9214e-03
2.7043e-03
2.6677e-03
2.6643e-03
2.4744e-03
1.9283e-03
1.0985e-03
2.1858e-04
-4.6624e-04
-7.1902e-04
-3.4849e-04
7.2016e-04
2.4022e-03
4.4758e-03
6.6422e-03
8.5905e-03
1.0059e-02
1.0870e-02
1.0962e-02
1.0418e-02
9.4335e-03
8.2516e-03
7.1334e-03
6.3066e-03
5.8854e-03
5.7909e-03
5.7271e-03
5.2850e-03
4.1513e-03
2.1889e-03
-5.5856e-04
-3.9171e-03
-7.6384e-03
-1.1501e-02
-1.5336e-02
-1.8996e-02
-2.2172e-02
-2.4430e-02
-2.5506e-02
-2.5437e-02
-2.4500e-02
-2.3002e-02
-2.1135e-02
-1.8995e-02
-1.6646e-02
-1.4189e-02
-1.1885e-02
-1.0099e-02
-8.9941e-03
-8.4714e-03
-8.3163e-03
-8.2722e-03
-8.1182e-03
-7.7280e-03
-7.0903e-03
-6.3188e-03
-5.6519e-03
-5.3730e-03
-5.6233e-03
-6.3823e-03
-7.6244e-03
-9.3289e-03
-1.1459e-02
-1.3937e-02
-1.6619e-02
-1.9306e-02
-2.1752e-02
-2.3688e-02
-2.4814e-02
-2.4901e-02
-2.4015e-02
-2.2524e-02
-2.0860e-02
-1.9267e-02
-1.7765e-02
-1.6455e-02
-1.5586e-02
-1.5353e-02
-1.5680e-02
-1.6240e-02
-1.6847e-02
-1.7514e-02
-1.8179e-02
-1.8688e-02
-1.8882e-02
-1.8627e-02
-1.7869e-02
-1.6676e-02
-1.5155e-02
-1.3348e-02
-1.1377e-02
-9.4981e-03
-7.9529e-03
-6.8905e-03
-6.3556e-03
-6.2840e-03
-6.5162e-03
-6.8209e-03
-6.9769e-03
-6.9091e-03
-6.6355e-03
-6.1936e-03
-5.6685e-03
-5.2200e-03
-5.0698e-03
-5.4089e-03
-6.2736e-03
-7.4975e-03
-8.8407e-03
-1.0264e-02
-1.1831e-02
-1.3471e-02
-1.5002e-02
-1.6230e-02
-1.7044e-02
-1.7388e-02
-1.7197e-02
-1.6543e-02
-1.5713e-02
-1.5019e-02
-1.4711e-02
-1.4965e-02
-1.5816e-02
-1.7101e-02
-1.8456e-02
-1.9412e-02
-1.9582e-02
-1.8754e-02
-1.6928e-02
-1.4295e-02
-1.1145e-02
-7.7164e-03
-4.1616e-03
-5.4007e-04
3.0987e-03
6.6373e-03
9.8700e-03
1.2571e-02
1.4607e-02
1.5904e-02
1.6375e-02
1.5930e-02
1.4593e-02
1.2615e-02
1.0331e-02
7.9320e-03
5.5594e-03
3.3741e-03
1.5278e-03
2.4021e-04
-1.6973e-04
4.5378e-04
1.9721e-03
4.1409e-03
6.6758e-03
9.3234e-03
1.1946e-02
1.4484e-02
1.6688e-02
1.8177e-02
1.8794e-02
1.8628e-02
1.7889e-02
1.6800e-02
1.5566e-02
1.4364e-02
1.3337e-02
1.2557e-02
1.2012e-02
1.1650e-02
1.1425e-02
1.1291e-02
1.1181e-02
1.1061e-02
1.0961e-02
1.0961e-02
1.1159e-02
1.1641e-02
1.2438e-02
1.3517e-02
1.4809e-02
1.6199e-02
1.7529e-02
1.8707e-02
1.9756e-02
2.0663e-02
2.1366e-02
2.1875e-02
2.2265e-02
2.2630e-02
2.3097e-02
2.3783e-02
2.4702e-02
2.5777e-02
2.6924e-02
2.8080e-02
2.9129e-02
2.9763e-02
2.9659e-02
2.8753e-02
2.7157e-02
2.5055e-02
2.2714e-02
2.0444e-02
1.8442e-02
1.6679e-02
1.4956e-02
1.3194e-02
1.1597e-02
1.0599e-02
1.0557e-02
1.1455e-02
1.2936e-02
1.4527e-02
1.6005e-02
1.7321e-02
1.8432e-02
1.9302e-02
1.9907e-02
2.0257e-02
2.0355e-02
2.0156e-02
1.9596e-02
1.8650e-02
1.7391e-02
1.5989e-02
1.4631e-02
1.3389e-02
1.2197e-02
1.0961e-02
9.6847e-03
8.5218e-03
7.6944e-03
7.3657e-03
7.5733e-03
8.2427e-03
9.2703e-03
1.0454e-02
1.1482e-02
1.2079e-02
1.2098e-02
1.1538e-02
1.0478e-02
9.0019e-03
7.2127e-03
5.2552e-03
3.2934e-03
1.4896e-03
-3.8729e-05
-1.2305e-03
-2.0650e-03
-2.5263e-03
-2.6114e-03
-2.3767e-03
-2.0623e-03
-2.0244e-03
-2.3935e-03
-3.0416e-03
-3.7733e-03
-4.3833e-03
-4.6537e-03
-4.3197e-03
-3.2049e-03
-1.4325e-03
7.1999e-04
3.0405e-03
5.3769e-03
7.5750e-03
9.4374e-03
1.0733e-02
1.1267e-02
1.0991e-02
1.0052e-02
8.7278e-03
7.3820e-03
6.3467e-03
5.7973e-03
5.7447e-03
6.1752e-03
7.0739e-03
8.3762e-03
9.8662e-03
1.1167e-02
1.1892e-02
1.1745e-02
1.0613e-02
8.6863e-03
6.4015e-03
4.1329e-03
2.0630e-03
2.2598e-04
-1.3241e-03
-2.4137e-03
-2.8857e-03
-2.7029e-03
-1.9431e-03
-7.9037e-04
5.1118e-04
1.6708e-03
2.4365e-03
2.7551e-03
2.7101e-03
2.3712e-03
1.7763e-03
9.7184e-04
6.9361e-05
-7.6473e-04
-1.3998e-03
-1.8197e-03
-2.1393e-03
-2.5164e-03
-3.0628e-03
-3.7779e-03
-4.5992e-03
-5.4603e-03
-6.2791e-03
-6.9488e-03
-7.3520e-03
-7.3952e-03
-7.0579e-03
-6.4400e-03
-5.7129e-03
-4.9725e-03
-4.2496e-03
-3.5594e-03
-2.9164e-03
-2.3408e-03
-1.8505e-03
-1.4441e-03
-1.0822e-03
-6.7751e-04
-1.3583e-04
5.5813e-04
1.3621e-03
2.2503e-03
3.2001e-03
4.1667e-03
5.0826e-03
5.9072e-03
6.6910e-03
7.5073e-03
8.3711e-03
9.2336e-03
9.9948e-03
1.0541e-02
1.0832e-02
1.0928e-02
1.0858e-02
1.0571e-02
9.9928e-03
9.0835e-03
7.8735e-03
6.4411e-03
4.8744e-03
3.2180e-03
1.4550e-03
-4.5236e-04
-2.3896e-03
-4.0930e-03
-5.4130e-03
-6.3181e-03
-6.7625e-03
-6.7405e-03
-6.3140e-03
-5.5340e-03
-4.4721e-03
-3.2720e-03
-2.0788e-03
-9.6122e-04
5.8599e-05
9.3576e-04
1.5448e-03
1.7775e-03
1.6558e-03
1.3123e-03
9.0064e-04
4.7351e-04
3.4708e-05
-3.7077e-04
-7.1856e-04
-1.0666e-03
-1.5392e-03
-2.2474e-03
-3.1908e-03
-4.2847e-03
-5.4347e-03
-6.5766e-03
-7.6302e-03
-8.3924e-03
-8.5645e-03
-7.8814e-03
-6.3082e-03
-4.0944e-03
-1.5986e-03
8.5418e-04
3.1185e-03
5.1842e-03
7.0430e-03
8.5452e-03
9.4940e-03
9.8869e-03
9.8869e-03
9.6617e-03
9.2397e-03
8.5827e-03
7.8062e-03
7.0792e-03
6.4312e-03
5.8257e-03
5.2383e-03
4.6526e-03
4.0544e-03
3.4324e-03
2.7870e-03
2.1667e-03
1.7230e-03
1.6060e-03
1.7635e-03
2.0158e-03
2.2150e-03
2.2980e-03
2.2188e-03
1.8113e-03
9.2623e-04
-3.7782e-04
-1.8996e-03
-3.3947e-03
-4.6251e-03
-5.3797e-03
-5.5135e-03
-5.0222e-03
-4.0629e-03
-2.8740e-03
-1.6858e-03
-6.2025e-04
2.2816e-04
7.3319e-04
8.4496e-04
6.4706e-04
3.0715e-04
3.5459e-05
9.4648e-06
2.9362e-04
8.1813e-04
1.4469e-03
2.0386e-03
2.4877e-03
2.6742e-03
2.4866e-03
2.0032e-03
1.4142e-03
7.2845e-04
-4.7836e-05
-7.1579e-04
-1.1001e-03
-1.1782e-03
-1.0002e-03
-6.3694e-04
-1.5207e-04
3.6874e-04
8.2294e-04
1.1649e-03
1.4262e-03
1.6823e-03
1.9813e-03
2.3086e-03
2.6544e-03
2.9996e-03
3.2167e-03
3.0840e-03
2.3867e-03
1.0709e-03
-7.1705e-04
-2.7636e-03
-4.8772e-03
-6.9651e-03
-8.9962e-03
-1.0951e-02
-1.2803e-02
-1.4514e-02
-1.6022e-02
-1.7218e-02
-1.7993e-02
-1.8387e-02
-1.8574e-02
-1.8709e-02
-1.8875e-02
-1.9062e-02
-1.9183e-02
-1.9109e-02
-1.8725e-02
-1.8030e-02
-1.7136e-02
-1.6079e-02
-1.4794e-02
-1.3286e-02
-1.1702e-02
-1.0282e-02
-9.2161e-03
-8.5767e-03
-8.3848e-03
-8.6349e-03
-9.3094e-03
-1.0371e-02
-1.1753e-02
-1.3370e-02
-1.5115e-02
-1.6901e-02
-1.8676e-02
-2.0407e-02
-2.1981e-02
-2.3249e-02
-2.4135e-02
-2.4634e-02
-2.4774e-02
-2.4607e-02
-2.4244e-02
-2.3845e-02
-2.3471e-02
-2.2988e-02
-2.2268e-02
-2.1335e-02
-2.0331e-02
-1.9356e-02
-1.8368e-02
-1.7411e-02
-1.6682e-02
-1.6317e-02
-1.6355e-02
-1.6779e-02
-1.7467e-02
-1.8261e-02
-1.9156e-02
-2.0208e-02
-2.1345e-02
-2.2468e-02
-2.3550e-02
-2.4616e-02
-2.5663e-02
-2.6597e-02
-2.7307e-02
-2.7735e-02
-2.7835e-02
-2.7589e-02
-2.7037e-02
-2.6219e-02
-2.5145e-02
-2.3923e-02
-2.2756e-02
-2.1755e-02
-2.0913e-02
-2.0118e-02
-1.9169e-02
-1.7891e-02
-1.6321e-02
-1.4650e-02
-1.3032e-02
-1.1506e-02
-1.0023e-02
-8.5451e-03
-7.0861e-03
-5.7086e-03
-4.5109e-03
-3.5929e-03
-3.0062e-03
-2.6960e-03
-2.4970e-03
-2.2377e-03
-1.8444e-03
-1.3280e-03
-7.1855e-04
1.1688e-05
9.1979e-04
2.0044e-03
3.1014e-03
3.9506e-03
4.4121e-03
4.5216e-03
4.4378e-03
4.3182e-03
4.2712e-03
4.3816e-03
4.7079e-03
5.2599e-03
5.9679e-03
6.6970e-03
7.2970e-03
7.5562e-03
7.2272e-03
6.2494e-03
4.7765e-03
2.9615e-03
9.5234e-04
-1.0588e-03
-2.7951e-03
-3.9709e-03
-4.4687e-03
-4.2515e-03
-3.2459e-03
-1.4771e-03
8.4768e-04
3.4358e-03
6.0179e-03
8.4706e-03
1.0770e-02
1.2896e-02
1.4759e-02
1.6276e-02
1.7447e-02
1.8276e-02
1.8744e-02
1.8867e-02
1.8672e-02
1.8155e-02
1.7404e-02
1.6585e-02
1.5725e-02
1.4738e-02
1.3577e-02
1.2271e-02
1.0899e-02
9.5258e-03
8.1877e-03
6.9111e-03
5.7174e-03
4.6254e-03
3.6603e-03
2.8988e-03
2.5135e-03
2.6999e-03
3.5293e-03
4.8109e-03
6.2548e-03
7.7751e-03
9.3137e-03
1.0678e-02
1.1642e-02
1.2076e-02
1.2040e-02
1.1710e-02
1.1236e-02
1.0655e-02
9.9576e-03
9.2288e-03
8.6189e-03
8.2741e-03
8.2975e-03
8.6630e-03
9.1698e-03
9.6691e-03
1.0211e-02
1.0847e-02
1.1553e-02
1.2305e-02
1.3066e-02
1.3763e-02
1.4286e-02
1.4514e-02
1.4358e-02
1.3805e-02
1.2916e-02
1.1722e-02
1.0226e-02
8.4627e-03
6.5112e-03
4.4546e-03
2.3573e-03
2.8117e-04
-1.6779e-03
-3.3793e-03
-4.6577e-03
-5.3675e-03
-5.3895e-03
-4.5869e-03
-2.9114e-03
-5.2804e-04
2.2303e-03
5.0256e-03
7.6528e-03
9.9881e-03
1.1804e-02
1.2853e-02
1.3048e-02
1.2535e-02
1.1654e-02
1.0782e-02
1.0229e-02
1.0123e-02
1.0469e-02
1.1224e-02
1.2319e-02
1.3669e-02
1.5193e-02
1.6806e-02
1.8427e-02
1.9950e-02
2.1251e-02
2.2291e-02
2.3103e-02
2.3724e-02
2.4151e-02
2.4345e-02
2.4279e-02
2.3961e-02
2.3409e-02
2.2684e-02
2.1902e-02
2.1134e-02
2.0405e-02
1.9854e-02
1.9681e-02
1.9937e-02
2.0563e-02
2.1472e-02
2.2489e-02
2.3384e-02
2.4013e-02
2.4304e-02
2.4193e-02
2.3668e-02
2.2807e-02
2.1754e-02
2.0645e-02
1.9502e-02
1.8323e-02
1.7172e-02
1.6117e-02
1.5177e-02
1.4323e-02
1.3523e-02
1.2781e-02
1.2065e-02
1.1315e-02
1.0590e-02
1.0033e-02
9.6853e-03
9.5611e-03
9.7368e-03
1.0237e-02
1.0998e-02
1.1970e-02
1.3056e-02
1.4045e-02
1.4779e-02
1.5241e-02
1.5345e-02
1.4973e-02
1.4206e-02
1.3240e-02
1.2213e-02
1.1242e-02
1.0433e-02
9.8176e-03
9.3776e-03
9.1252e-03
9.0824e-03
9.2634e-03
9.7015e-03
1.0423e-02
1.1390e-02
1.2508e-02
1.3675e-02
1.4825e-02
1.5910e-02
1.6834e-02
1.7540e-02
1.8152e-02
1.8803e-02
1.9479e-02
2.0128e-02
2.0773e-02
2.1567e-02
2.2657e-02
2.4009e-02
2.5439e-02
2.6739e-02
2.7814e-02
2.8635e-02
2.9095e-02
2.9102e-02
2.8673e-02
2.7858e-02
2.6750e-02
2.5536e-02
2.4441e-02
2.3601e-02
2.3052e-02
2.2774e-02
2.2737e-02
2.2895e-02
2.3170e-02
2.3538e-02
2.4074e-02
2.4819e-02
2.5722e-02
2.6681e-02
2.7546e-02
2.8132e-02
2.8314e-02
2.8058e-02
2.7336e-02
2.6199e-02
2.4883e-02
2.3631e-02
2.2525e-02
2.1648e-02
2.1139e-02
2.1059e-02
2.1361e-02
2.1926e-02
2.2571e-02
2.3087e-02
2.3297e-02
2.3098e-02
2.2473e-02
2.1482e-02
2.0236e-02
1.8872e-02
1.7534e-02
1.6314e-02
1.5259e-02
1.4372e-02
1.3604e-02
1.2874e-02
1.2130e-02
1.1363e-02
1.0562e-02
9.6563e-03
8.5312e-03
7.1994e-03
5.8438e-03
4.6486e-03
3.7442e-03
3.2001e-03
2.9948e-03
3.0438e-03
3.3121e-03
3.8172e-03
4.5524e-03
5.4253e-03
6.2751e-03
6.9969e-03
7.5855e-03
8.0500e-03
8.4001e-03
8.6748e-03
8.9555e-03
9.3320e-03
9.8137e-03
1.0293e-02
1.0593e-02
1.0602e-02
1.0360e-02
9.8816e-03
9.0832e-03
7.9356e-03
6.5138e-03
4.9461e-03
3.3894e-03
2.0025e-03
9.3518e-04
2.5440e-04
-1.6128e-04
-5.4458e-04
-1.0724e-03
-1.7949e-03
-2.6450e-03
-3.5274e-03
-4.3559e-03
-5.0769e-03
-5.7314e-03
-6.4472e-03
-7.2782e-03
-8.1913e-03
-9.2086e-03
-1.0320e-02
-1.1378e-02
-1.2294e-02
-1.3145e-02
-1.4010e-02
-1.4878e-02
-1.5673e-02
-1.6281e-02
-1.6617e-02
-1.6737e-02
-1.6830e-02
-1.7056e-02
-1.7487e-02
-1.8112e-02
-1.8827e-02
-1.9490e-02
-2.0064e-02
-2.0585e-02
-2.0982e-02
-2.1118e-02
-2.0922e-02
-2.0429e-02
-1.9743e-02
-1.8918e-02
-1.7959e-02
-1.6881e-02
-1.5763e-02
-1.4740e-02
-1.3937e-02
-1.3443e-02
-1.3347e-02
-1.3643e-02
-1.4146e-02
-1.4645e-02
-1.5049e-02
-1.5362e-02
-1.5603e-02
-1.5734e-02
-1.5731e-02
-1.5656e-02
-1.5619e-02
-1.5724e-02
-1.6076e-02
-1.6753e-02
-1.7788e-02
-1.9166e-02
-2.0822e-02
-2.2586e-02
-2.4229e-02
-2.5626e-02
-2.6786e-02
-2.7788e-02
-2.8657e-02
-2.9323e-02
-2.9749e-02
-2.9965e-02
-3.0004e-02
-2.9876e-02
-2.9567e-02
-2.9075e-02
-2.8469e-02
-2.7880e-02
-2.7411e-02
-2.7005e-02
-2.6574e-02
-2.6099e-02
-2.5561e-02
-2.4902e-02
-2.4075e-02
-2.3127e-02
-2.2237e-02
-2.1577e-02
-2.1220e-02
-2.1191e-02
-2.1465e-02
-2.1948e-02
-2.2556e-02
-2.3262e-02
-2.4001e-02
-2.4668e-02
-2.5261e-02
-2.5806e-02
-2.6229e-02
-2.6496e-02
-2.6689e-02
-2.6861e-02
-2.6975e-02
-2.6963e-02
-2.6812e-02
-2.6605e-02
-2.6401e-02
-2.6186e-02
-2.5975e-02
-2.5848e-02
-2.5908e-02
-2.6193e-02
-2.6638e-02
-2.7175e-02
-2.7767e-02
-2.8291e-02
-2.8574e-02
-2.8503e-02
-2.8089e-02
-2.7472e-02
-2.6871e-02
-2.6483e-02
-2.6325e-02
-2.6301e-02
-2.6380e-02
-2.6592e-02
-2.6974e-02
-2.7525e-02
-2.8165e-02
-2.8722e-02
-2.9033e-02
-2.9087e-02
-2.8934e-02
-2.8574e-02
-2.8003e-02
-2.7277e-02
-2.6525e-02
-2.5873e-02
-2.5326e-02
-2.4876e-02
-2.4566e-02
-2.4326e-02
-2.3957e-02
-2.3329e-02
-2.2438e-02
-2.1379e-02
-2.0240e-02
-1.9038e-02
-1.7821e-02
-1.6688e-02
-1.5706e-02
-1.4880e-02
-1.4177e-02
-1.3572e-02
-1.3089e-02
-1.2761e-02
-1.2595e-02
-1.2541e-02
-1.2525e-02
-1.2508e-02
-1.2479e-02
-1.2438e-02
-1.2397e-02
-1.2370e-02
-1.2373e-02
-1.2416e-02
-1.2493e-02
-1.2574e-02
-1.2597e-02
-1.2478e-02
-1.2128e-02
-1.1489e-02
-1.0572e-02
-9.4608e-03
-8.2250e-03
-6.8881e-03
-5.5397e-03
-4.3506e-03
-3.4532e-03
-2.8463e-03
-2.3723e-03
-1.8931e-03
-1.4096e-03
-9.6029e-04
-5.5090e-04
-1.6117e-04
2.0676e-04
4.8641e-04
6.2337e-04
6.1990e-04
4.7657e-04
1.8216e-04
-2.4594e-04
-7.3039e-04
-1.1384e-03
-1.3513e-03
-1.3281e-03
-1.1175e-03
-7.8230e-04
-2.7007e-04
4.9397e-04
1.4508e-03
2.3750e-03
2.9828e-03
3.1828e-03
3.0587e-03
2.6254e-03
1.8627e-03
8.2460e-04
-3.0391e-04
-1.2625e-03
-1.8957e-03
-2.1972e-03
-2.2582e-03
-2.1543e-03
-1.9383e-03
-1.7403e-03
-1.6883e-03
-1.7797e-03
-1.9459e-03
-2.1088e-03
-2.1732e-03
-2.0292e-03
-1.5768e-03
-7.6941e-04
3.3655e-04
1.5653e-03
2.7142e-03
3.6879e-03
4.4934e-03
5.1742e-03
5.7250e-03
6.0973e-03
6.2448e-03
6.1665e-03
5.9090e-03
5.5195e-03
5.0635e-03
4.6265e-03
4.2469e-03
3.8779e-03
3.4178e-03
2.7939e-03
2.0294e-03
1.1914e-03
3.5107e-04
-4.0497e-04
-9.8142e-04
-1.3226e-03
-1.4976e-03
-1.6260e-03
-1.6506e-03
-1.4439e-03
-1.0088e-03
-4.5128e-04
9.3478e-05
5.1819e-04
7.0844e-04
5.5145e-04
1.1932e-04
-3.3735e-04
-6.5733e-04
-8.1899e-04
-8.7391e-04
-8.6623e-04
-7.8979e-04
-6.0629e-04
-2.7646e-04
2.0591e-04
7.8443e-04
1.3624e-03
1.8826e-03
2.3360e-03
2.7266e-03
3.0186e-03
3.2002e-03
3.4377e-03
3.9210e-03
4.6532e-03
5.5600e-03
6.5722e-03
7.5855e-03
8.4388e-03
8.9527e-03
9.0344e-03
8.6881e-03
7.9060e-03
6.7239e-03
5.3081e-03
3.9526e-03
3.0469e-03
2.9748e-03
3.8185e-03
5.1891e-03
6.6312e-03
7.8701e-03
8.7205e-03
9.1347e-03
9.2514e-03
9.1977e-03
9.0130e-03
8.7595e-03
8.4724e-03
8.0766e-03
7.5072e-03
6.8130e-03
6.1425e-03
5.6167e-03
5.1977e-03
4.7564e-03
4.1864e-03
3.4892e-03
2.7396e-03
2.0025e-03
1.3268e-03
7.4562e-04
2.6362e-04
-1.5719e-04
-6.0320e-04
-1.1951e-03
-2.0214e-03
-3.0271e-03
-4.0239e-03
-4.8047e-03
-5.2401e-03
-5.3201e-03
-5.1042e-03
-4.6739e-03
-4.0771e-03
-3.3146e-03
-2.3860e-03
-1.4116e-03
-5.9865e-04
-6.9694e-05
1.1606e-04
-7.7768e-05
-6.0565e-04
-1.3253e-03
-2.0793e-03
-2.7872e-03
-3.4739e-03
-4.1045e-03
-4.5771e-03
-4.8987e-03
-5.1185e-03
-5.2204e-03
-5.2229e-03
-5.2202e-03
-5.3010e-03
-5.5248e-03
-5.9181e-03
-6.4520e-03
-7.0265e-03
-7.4910e-03
-7.7645e-03
-7.9472e-03
-8.1786e-03
-8.5032e-03
-8.8746e-03
-9.2146e-03
-9.4723e-03
-9.5684e-03
-9.3624e-03
-8.7203e-03
-7.6420e-03
-6.3439e-03
-5.1003e-03
-4.0734e-03
-3.3130e-03
-2.7721e-03
-2.3378e-03
-1.9522e-03
-1.6783e-03
-1.5839e-03
-1.6548e-03
-1.8043e-03
-1.9757e-03
-2.2126e-03
-2.5502e-03
-2.9366e-03
-3.2430e-03
-3.3347e-03
-3.1349e-03
-2.5950e-03
-1.7036e-03
-5.4344e-04
7.0962e-04
1.8516e-03
2.7176e-03
3.2270e-03
3.3829e-03
3.1996e-03
2.6437e-03
1.7714e-03
7.8036e-04
-1.3520e-04
-8.6106e-04
-1.3901e-03
-1.7545e-03
-1.9731e-03
-2.0630e-03
-2.0171e-03
-1.7587e-03
-1.1932e-03
-2.8573e-04
8.8652e-04
2.1781e-03
3.4824e-03
4.6615e-03
5.5253e-03
6.0058e-03
6.2103e-03
6.2841e-03
6.3390e-03
6.4137e-03
6.5003e-03
6.6038e-03
6.8089e-03
7.2405e-03
7.8774e-03
8.5535e-03
9.1334e-03
9.5389e-03
9.7391e-03
9.7685e-03
9.7134e-03
9.6536e-03
9.6360e-03
9.6843e-03
9.8006e-03
9.9594e-03
1.0101e-02
1.0133e-02
9.9465e-03
9.4487e-03
8.6169e-03
7.5499e-03
6.4768e-03
5.6497e-03
5.1916e-03
5.0652e-03
5.1280e-03
5.2570e-03
5.3821e-03
5.4493e-03
5.4037e-03
5.1914e-03
4.7813e-03
4.1974e-03
3.5503e-03
3.0186e-03
2.7719e-03
2.9673e-03
3.7292e-03
4.9441e-03
6.2084e-03
7.2067e-03
7.9159e-03
8.4612e-03
8.9565e-03
9.3710e-03
9.6446e-03
9.8178e-03
9.9181e-03
9.8702e-03
9.5436e-03
8.8246e-03
7.6820e-03
6.1931e-03
4.5220e-03
2.9051e-03
1.6204e-03
9.4908e-04
1.0608e-03
1.8442e-03
2.9476e-03
4.0007e-03
4.7250e-03
5.0280e-03
5.0164e-03
4.9171e-03
4.9224e-03
5.1362e-03
5.5828e-03
6.2024e-03
6.8720e-03
7.4736e-03
7.9507e-03
8.3104e-03
8.6079e-03
8.9136e-03
9.2597e-03
9.6014e-03
9.8881e-03
1.0106e-02
1.0199e-02
1.0042e-02
9.4932e-03
8.4744e-03
7.0525e-03
5.4936e-03
4.1776e-03
3.3054e-03
2.7700e-03
2.3228e-03
1.7411e-03
9.8605e-04
1.6032e-04
-5.9706e-04
-1.1435e-03
-1.4003e-03
-1.4576e-03
-1.4833e-03
-1.4882e-03
-1.4323e-03
-1.3848e-03
-1.4491e-03
-1.6406e-03
-1.8000e-03
-1.7005e-03
-1.2919e-03
-6.8402e-04
-3.6214e-05
5.0326e-04
8.3919e-04
9.4177e-04
8.5705e-04
6.8955e-04
4.9778e-04
2.0840e-04
-2.7669e-04
-9.6789e-04
-1.7522e-03
-2.4281e-03
-2.8173e-03
-2.8591e-03
-2.6472e-03
-2.3197e-03
-1.9511e-03
-1.5171e-03
-9.7146e-04
-3.7826e-04
7.3136e-05
1.6697e-04
-1.2935e-04
-6.1313e-04
-1.0454e-03
-1.3230e-03
-1.5832e-03
-1.9684e-03
-2.4173e-03
-2.8457e-03
-3.2707e-03
-3.7555e-03
-4.3252e-03
-4.8941e-03
-5.3275e-03
-5.5347e-03
-5.4960e-03
-5.2484e-03
-4.8380e-03
-4.3301e-03
-3.8243e-03
-3.4036e-03
-3.0763e-03
-2.7818e-03
-2.4437e-03
-2.0499e-03
-1.6181e-03
-1.1225e-03
-5.7594e-04
-8.0114e-05
2.9359e-04
5.5726e-04
7.4696e-04
8.8151e-04
9.4858e-04
9.7336e-04
1.0312e-03
1.1102e-03
1.1221e-03
1.0854e-03
1.8332e-04
3.4324e-04
5.6643e-04
6.7385e-04
5.3599e-04
1.4360e-04
-4.5329e-04
-1.1448e-03
-1.7894e-03
-2.3586e-03
-2.9489e-03
-3.4908e-03
-3.7712e-03
-3.7934e-03
-3.7360e-03
-3.7272e-03
-3.8344e-03
-4.0830e-03
-4.4431e-03
-4.8210e-03
-5.0730e-03
-5.0781e-03
-4.8223e-03
-4.3722e-03
-3.8393e-03
-3.3925e-03
-3.2077e-03
-3.3476e-03
-3.7292e-03
-4.1821e-03
-4.5891e-03
-4.9123e-03
-5.1253e-03
-5.3132e-03
-5.6943e-03
-6.3538e-03
-7.1691e-03
-7.9947e-03
-8.7665e-03
-9.4919e-03
-1.0073e-02
-1.0364e-02
-1.0456e-02
-1.0586e-02
-1.0892e-02
-1.1251e-02
-1.1375e-02
-1.1127e-02
-1.0520e-02
-9.6100e-03
-8.4791e-03
-7.2618e-03
-6.1545e-03
-5.3525e-03
-4.9552e-03
-4.9244e-03
-5.0951e-03
-5.2599e-03
-5.2891e-03
-5.2264e-03
-5.2341e-03
-5.4234e-03
-5.6824e-03
-5.8786e-03
-6.0568e-03
-6.2719e-03
-6.4937e-03
-6.6657e-03
-6.7941e-03
-6.9824e-03
-7.3258e-03
-7.8373e-03
-8.4508e-03
-9.0717e-03
-9.6345e-03
-1.0103e-02
-1.0470e-02
-1.0759e-02
-1.1030e-02
-1.1342e-02
-1.1682e-02
-1.1973e-02
-1.2169e-02
-1.2225e-02
-1.2080e-02
-1.1767e-02
-1.1422e-02
-1.1181e-02
-1.1101e-02
-1.1129e-02
-1.1173e-02
-1.1147e-02
-1.0994e-02
-1.0746e-02
-1.0516e-02
-1.0355e-02
-1.0206e-02
-1.0010e-02
-9.7275e-03
-9.3438e-03
-8.8777e-03
-8.3570e-03
-7.7677e-03
-7.1243e-03
-6.5240e-03
-6.0719e-03
-5.8257e-03
-5.7934e-03
-5.9607e-03
-6.3095e-03
-6.7757e-03
-7.2142e-03
-7.4274e-03
-7.2963e-03
-6.8699e-03
-6.2588e-03
-5.5780e-03
-4.9450e-03
-4.3908e-03
-3.8215e-03
-3.1778e-03
-2.4913e-03
-1.8004e-03
-1.1404e-03
-5.4879e-04
-5.3269e-05
3.4203e-04
6.5615e-04
8.9583e-04
1.0491e-03
1.1688e-03
1.3702e-03
1.7332e-03
2.2693e-03
2.9094e-03
3.4991e-03
3.8874e-03
4.0579e-03
4.0414e-03
3.8153e-03
3.3456e-03
2.6484e-03
1.8201e-03
1.0132e-03
3.7166e-04
-3.3578e-05
-1.9484e-04
-1.1718e-04
1.5487e-04
5.2527e-04
8.9752e-04
1.2221e-03
1.5274e-03
1.8546e-03
2.2253e-03
2.6935e-03
3.3139e-03
4.0693e-03
4.9111e-03
5.8259e-03
6.8594e-03
8.0143e-03
9.1519e-03
1.0146e-02
1.0995e-02
1.1735e-02
1.2374e-02
1.2872e-02
1.3210e-02
1.3404e-02
1.3409e-02
1.3172e-02
1.2741e-02
1.2249e-02
1.1851e-02
1.1660e-02
1.1721e-02
1.2010e-02
1.2456e-02
1.2948e-02
1.3336e-02
1.3511e-02
1.3482e-02
1.3280e-02
1.2902e-02
1.2354e-02
1.1701e-02
1.1071e-02
1.0609e-02
1.0405e-02
1.0434e-02
1.0619e-02
1.0916e-02
1.1286e-02
1.1685e-02
1.2092e-02
1.2457e-02
1.2682e-02
1.2741e-02
1.2686e-02
1.2527e-02
1.2245e-02
1.1841e-02
1.1378e-02
1.0991e-02
1.0858e-02
1.1081e-02
1.1606e-02
1.2295e-02
1.3027e-02
1.3770e-02
1.4509e-02
1.5194e-02
1.5779e-02
1.6251e-02
1.6614e-02
1.6858e-02
1.6941e-02
1.6825e-02
1.6517e-02
1.6090e-02
1.5656e-02
1.5287e-02
1.4926e-02
1.4447e-02
1.3802e-02
1.3052e-02
1.2324e-02
1.1710e-02
1.1219e-02
1.0798e-02
1.0404e-02
1.0066e-02
9.8292e-03
9.6934e-03
9.6010e-03
9.4667e-03
9.2318e-03
8.8797e-03
8.4450e-03
8.0218e-03
7.7343e-03
7.6670e-03
7.8312e-03
8.1578e-03
8.5201e-03
8.7946e-03
8.9408e-03
8.9691e-03
8.8532e-03
8.5765e-03
8.1867e-03
7.7720e-03
7.4245e-03
7.1988e-03
7.1054e-03
7.1236e-03
7.2262e-03
7.3925e-03
7.5927e-03
7.7972e-03
8.0082e-03
8.2456e-03
8.5093e-03
8.7390e-03
8.8473e-03
8.8229e-03
8.7302e-03
8.6419e-03
8.5761e-03
8.4956e-03
8.3990e-03
8.3333e-03
8.3372e-03
8.4252e-03
8.5810e-03
8.7517e-03
8.8832e-03
8.9870e-03
9.0944e-03
9.1783e-03
9.1846e-03
9.0780e-03
8.8546e-03
8.5350e-03
8.1422e-03
7.7160e-03
7.3166e-03
6.9942e-03
6.7674e-03
6.6228e-03
6.5320e-03
6.4757e-03
6.4337e-03
6.3722e-03
6.2456e-03
6.0229e-03
5.7284e-03
5.4244e-03
5.1670e-03
4.9759e-03
4.8344e-03
4.7221e-03
4.6206e-03
4.5048e-03
4.3417e-03
4.0947e-03
3.7350e-03
3.2578e-03
2.6955e-03
2.1103e-03
1.5688e-03
1.1179e-03
7.7169e-04
5.1139e-04
3.0260e-04
1.2530e-04
-1.3025e-05
-8.8040e-05
-1.0066e-04
-8.7709e-05
-9.1342e-05
-1.3817e-04
-2.2781e-04
-3.5258e-04
-5.0964e-04
-6.9245e-04
-8.8333e-04
-1.0558e-03
-1.1920e-03
-1.2921e-03
-1.3562e-03
-1.3868e-03
-1.4124e-03
-1.4617e-03
-1.5249e-03
-1.5753e-03
-1.5956e-03
-1.5840e-03
-1.5576e-03
-1.5537e-03
-1.6218e-03
-1.7970e-03
-2.0529e-03
-2.3129e-03
-2.5296e-03
-2.6938e-03
-2.8043e-03
-2.8676e-03
-2.8951e-03
-2.8921e-03
-2.8572e-03
-2.7942e-03
-2.7204e-03
-2.6671e-03
-2.6642e-03
-2.7259e-03
-2.8451e-03
-2.9983e-03
-3.1607e-03
-3.3144e-03
-3.4535e-03
-3.5810e-03
-3.7027e-03
-3.8224e-03
-3.9325e-03
-4.0097e-03
-4.0420e-03
-4.0449e-03
-4.0383e-03
-4.0354e-03
-4.0462e-03
-4.0780e-03
-4.1337e-03
-4.2082e-03
-4.2864e-03
-4.3450e-03
-4.3679e-03
-4.3682e-03
-4.3704e-03
-4.3874e-03
-4.4184e-03
-4.4508e-03
-4.4634e-03
-4.4380e-03
-4.3749e-03
-4.2956e-03
-4.2305e-03
-4.1919e-03
-4.1734e-03
-4.1718e-03
-4.1882e-03
-4.2231e-03
-4.2721e-03
-4.3273e-03
-4.3813e-03
-4.4280e-03
-4.4620e-03
-4.4823e-03
-4.4928e-03
-4.4903e-03
-4.4669e-03
-4.4262e-03
-4.3802e-03
-4.3354e-03
-4.2934e-03
-4.2532e-03
-4.2121e-03
-4.1662e-03
-4.1120e-03
-4.0476e-03
-3.9744e-03
-3.8986e-03
-3.8285e-03
-3.7699e-03
-3.7241e-03
-3.6890e-03
-3.6621e-03
-3.6427e-03
-3.6296e-03
-3.6198e-03
-3.6074e-03
-3.5864e-03
-3.5552e-03
-3.5167e-03
-3.4766e-03
-3.4405e-03
-3.4115e-03
-3.3910e-03
-3.3776e-03
-3.3677e-03
-3.3577e-03
-3.3450e-03
-3.3273e-03
-3.3042e-03
-3.2779e-03
-3.2494e-03
-3.2163e-03
-3.1785e-03
-3.1384e-03
-3.0964e-03
-3.0524e-03
-3.0080e-03
-2.9652e-03
-2.9248e-03
-2.8863e-03
-2.8484e-03
-2.8093e-03
-2.7683e-03
-2.7263e-03
-2.6846e-03
-2.6437e-03
-2.6037e-03
-2.5643e-03
-2.5252e-03
-2.4863e-03
-2.4475e-03
-2.4094e-03
-2.3730e-03
-2.3392e-03
-2.3081e-03
-2.2788e-03
-2.2506e-03
-2.2236e-03
-2.1973e-03
-2.1709e-03
-2.1440e-03
-2.1163e-03
-2.0874e-03
-2.0568e-03
-2.0242e-03
-1.9910e-03
-1.9589e-03
-1.9286e-03
-1.9002e-03
-1.8741e-03
-1.8501e-03
-1.8271e-03
-1.8048e-03
-1.7832e-03
-1.7623e-03
-1.7421e-03
-1.7226e-03
-1.7033e-03
-1.6841e-03
-1.6650e-03
-1.6461e-03
-1.6276e-03
-1.6095e-03
-1.5917e-03
-1.5737e-03
-1.5555e-03
-1.5375e-03
-1.5199e-03
-1.5028e-03
-1.4864e-03
-1.4705e-03
-1.4553e-03
-1.4406e-03
-1.4263e-03
-1.4122e-03
-1.3985e-03
-1.3848e-03
-1.3712e-03
-1.3579e-03
-1.3448e-03
-1.3320e-03
-1.3195e-03
-1.3071e-03
-1.2949e-03
-1.2828e-03
-1.2708e-03
-1.2591e-03
-1.2476e-03
-1.2363e-03
-1.2252e-03
-1.2144e-03
-1.2037e-03
-1.1931e-03
-1.1828e-03
-1.1725e-03
-1.1624e-03
-1.1525e-03
-1.1427e-03
-1.1330e-03
-1.1234e-03
-1.1139e-03
-1.1045e-03
-1.0952e-03
-1.0859e-03
-1.0768e-03
-1.0677e-03
-1.0588e-03
-1.0499e-03
-1.0411e-03
-1.0323e-03
-1.0236e-03
-1.0150e-03
-1.0064e-03
-9.9785e-04
-9.8938e-04
-9.8097e-04
-9.7261e-04
